client_id,amex_fees,interchange,estimated_revenue,product_role,credit_share,has_credit,has_debit,n_cards,credit_limit,segment,rev,rev_no_mt,rev_prepaid_debit,purchase_volume,value,value_no_mt,value_prepaid_debit,observed,current_age,yearly_income,credit_score,total_debt,top_decile,day_one,first_card_year
825,0.0,1023.77297,1023.77297,Credit-primary,0.5337256909946195,True,True,5,12400.0,Premium credit,1023.77297,996.14297,1023.77297,93372.29,1023.77297,996.14297,1023.77297,True,53,59696,787,127613,True,Debit,2002
1746,0.0,100.10338,100.10338,Debit/prepaid only,0.0,True,True,5,27500.0,Premium credit,100.10338,98.52338,137.17757,53766.14,100.10338,98.52338,137.17757,True,53,77254,701,191349,False,Debit,2003
1718,0.0,572.33106,572.33106,Debit/prepaid only,0.0,False,True,4,0.0,Debit,572.33106,561.46106,572.33106,91540.12,572.33106,561.46106,572.33106,True,81,33483,698,196,False,Debit,2002
708,0.0,195.79625,195.79625,Debit/prepaid only,0.0,True,True,4,98100.0,Premium credit,195.79625,179.62625,228.67649,124787.98,195.79625,179.62625,228.67649,True,63,249925,722,202328,False,Prepaid,2007
1164,0.0,239.010255,239.010255,Debit/prepaid only,0.0,False,True,1,0.0,Debit,239.010255,223.860255,239.010255,89642.51,239.010255,223.860255,239.010255,True,43,109687,675,183855,False,Debit,1999
68,0.0,1254.069,1254.069,Credit-primary,1.0,True,True,3,15800.0,Premium credit,1254.069,929.7090000000001,1254.069,72823.5,1254.069,929.7090000000001,1254.069,True,42,41997,704,0,True,Core credit,2002
1075,0.0,899.6657149999999,899.6657149999999,Mixed,0.4923966878939815,True,True,3,11200.0,Premium credit,899.665715,894.005715,899.665715,75049.53,899.665715,894.005715,899.665715,True,36,51500,672,102286,False,Debit,2005
1116,0.0,1265.1743250000002,1265.1743250000002,Credit-primary,0.5842732320237576,True,True,5,16100.0,Premium credit,1265.174325,1245.5343249999999,1265.174325,102030.5,1265.174325,1245.5343249999999,1265.174325,True,81,42509,755,2895,True,Premium credit,2005
1752,0.0,309.47365999999994,309.47365999999994,Debit/prepaid only,0.0,False,True,1,0.0,Debit,309.47366,307.53366,309.47366,64881.32,309.47366,307.53366,309.47366,True,34,38190,810,81262,False,Debit,2009
1094,0.0,117.4734,117.4734,Debit/prepaid only,0.0,False,True,2,0.0,Debit,117.4734,112.3334,117.4734,27689.800000000003,117.4734,112.3334,117.4734,True,34,41442,712,78833,False,Debit,2006
1590,0.0,0.0,0.0,Dormant,,False,True,1,0.0,Debit,0.0,0.0,0.0,0.0,0.0,0.0,0.0,False,48,20513,599,32509,False,Debit,2008
1660,0.0,229.31067999999996,229.31067999999996,Mixed,0.4112992285571113,True,True,6,6000.0,Core credit,229.31068,189.51067999999998,281.59411,25064.72,229.31068,189.51067999999998,281.59411,True,41,23123,723,5079,False,Debit,2002
1747,0.0,0.0,0.0,Dormant,,True,True,6,15400.0,Premium credit,0.0,0.0,0.0,0.0,0.0,0.0,0.0,False,54,36497,719,38333,False,Premium credit,2003
153,0.0,81.94024999999999,81.94024999999999,Debit/prepaid only,0.0,True,True,3,11200.0,Premium credit,81.94024999999999,69.09025,81.94024999999999,25614.5,81.94024999999999,69.09025,81.94024999999999,True,76,27484,660,16803,False,Premium credit,2004
511,0.0,1214.856085,1214.856085,Credit-primary,0.5523420642107558,True,True,5,6100.0,Core credit,1214.856085,922.546085,1295.77484,108795.48,1214.856085,922.546085,1295.77484,True,66,35602,661,55369,True,Debit,1998
1946,0.0,401.031515,401.031515,Credit-primary,0.5414461403692128,True,True,2,12500.0,Premium credit,401.031515,381.201515,401.031515,33584.43,401.031515,381.201515,401.031515,True,76,41109,698,21486,False,Debit,2002
1674,95.0,217.94014499999997,312.940145,Credit-primary,0.5155020346481569,True,True,2,8800.0,Core credit,217.940145,210.180145,217.940145,20460.54,312.94014500000003,305.18014500000004,312.94014500000003,True,70,26858,712,11245,False,Debit,2001
877,95.0,608.9221900000001,703.9221900000001,Credit-primary,0.5611356025602985,True,True,2,12000.0,Premium credit,608.92219,585.80219,608.92219,58505.68,703.92219,680.80219,703.92219,True,36,34317,610,61826,False,Premium credit,2009
128,0.0,184.99780499999997,184.99780499999997,Debit/prepaid only,0.0,False,True,1,0.0,Debit,184.997805,170.60780499999998,184.997805,40760.61,184.997805,170.60780499999998,184.997805,True,40,31377,722,59615,False,Debit,2006
775,0.0,0.0,0.0,Dormant,,False,True,1,0.0,Debit,0.0,0.0,0.0,0.0,0.0,0.0,0.0,False,37,43638,627,104052,False,Debit,2008
1536,95.0,0.0,95.0,Dormant,,True,True,2,9500.0,Core credit,0.0,0.0,0.0,0.0,95.0,95.0,95.0,False,41,32531,766,38260,False,Core credit,2005
140,0.0,248.505705,248.505705,Debit/prepaid only,0.0,False,True,4,0.0,Debit,248.505705,243.125705,248.505705,38056.41,248.505705,243.125705,248.505705,True,37,42120,739,72801,False,Debit,2005
1874,0.0,480.186115,480.186115,Credit-primary,0.5261877488706893,True,True,4,12900.0,Premium credit,480.18611500000003,418.18611500000003,480.18611500000003,43152.43,480.18611500000003,418.18611500000003,480.18611500000003,True,49,38390,783,87923,False,Premium credit,2003
1310,0.0,0.0,0.0,Dormant,,True,False,2,12200.0,Premium credit,0.0,0.0,0.0,0.0,0.0,0.0,0.0,False,33,35670,751,58182,False,Premium credit,2006
1689,0.0,0.0,0.0,Dormant,,False,True,1,0.0,Debit,0.0,0.0,0.0,0.0,0.0,0.0,0.0,False,21,61746,637,154817,False,Debit,2017
379,95.0,890.085565,985.085565,Mixed,0.4953923935658108,True,True,3,8400.0,Core credit,890.085565,863.715565,890.085565,64824.33,985.085565,958.715565,985.085565,True,47,43496,765,114563,True,Debit,2001
34,0.0,184.63342,184.63342,Debit/prepaid only,0.0,False,True,2,0.0,Debit,184.63342,140.74342,322.505715,75381.43,184.63342,140.74342,322.505715,True,41,51854,737,72162,False,Prepaid,2007
822,0.0,328.182755,328.182755,Credit-primary,0.5705565204064058,True,True,5,8000.0,Core credit,328.182755,260.712755,328.182755,26359.86,328.182755,260.712755,328.182755,True,51,34540,793,22641,False,Core credit,2003
1499,95.0,333.22697999999997,428.22698,Credit-primary,1.0,True,False,1,23700.0,Premium credit,333.22697999999997,333.22697999999997,333.22697999999997,21576.61,428.22697999999997,428.22697999999997,428.22697999999997,True,46,41287,662,88151,False,Premium credit,2012
1780,0.0,0.0,0.0,Dormant,,True,False,1,700.0,Core credit,0.0,0.0,0.0,0.0,0.0,0.0,0.0,False,46,38054,666,63293,False,Core credit,2016
1806,0.0,0.0,0.0,Dormant,,False,True,1,0.0,Debit,0.0,0.0,0.0,0.0,0.0,0.0,0.0,False,59,80371,822,108499,False,Debit,2006
811,0.0,301.278605,301.278605,Debit/prepaid only,0.0,True,True,5,24900.0,Premium credit,301.27860499999997,299.178605,301.27860499999997,86180.21,301.27860499999997,299.178605,301.27860499999997,True,91,84694,741,2149,False,Premium credit,1999
1844,0.0,402.884665,402.884665,Credit-primary,0.5337313619711516,True,True,5,15700.0,Premium credit,402.884665,391.774665,437.06556,34183.47,402.884665,391.774665,437.06556,True,79,37503,706,14272,False,Debit,2003
1852,0.0,809.4558499999999,809.4558499999999,Credit-primary,0.5280122485891912,True,True,4,21600.0,Premium credit,809.45585,791.34585,924.45275,80322.72,809.45585,791.34585,924.45275,True,57,65357,685,21844,False,Debit,2002
970,0.0,451.645015,451.645015,Mixed,0.3331464809085077,True,True,2,10700.0,Premium credit,451.645015,383.565015,451.645015,45936.43,451.645015,383.565015,451.645015,True,42,44681,770,42011,False,Premium credit,2003
1296,0.0,693.675095,693.675095,Mixed,0.4061247082174832,True,True,5,19800.0,Premium credit,693.6750949999999,663.025095,723.43003,58815.21,693.6750949999999,663.025095,723.43003,True,60,46683,788,93126,False,Debit,2001
1880,0.0,531.736845,531.736845,Mixed,0.4611323662716652,True,True,3,10900.0,Premium credit,531.736845,468.836845,531.736845,46741.59,531.736845,468.836845,531.736845,True,61,31579,771,52419,False,Debit,2000
322,0.0,226.06363,226.06363,Credit-primary,0.5488536603928292,True,True,3,6200.0,Core credit,226.06363,226.06363,226.06363,18001.21,226.06363,226.06363,226.06363,True,47,28055,829,12475,False,Debit,1999
461,0.0,492.90711,492.90711,Debit/prepaid only,0.0,False,True,4,0.0,Debit,492.90711,480.37710999999996,492.90711,85492.22,492.90711,480.37710999999996,492.90711,True,42,65403,784,80057,False,Debit,2007
1165,0.0,0.0,0.0,Dormant,,False,True,1,0.0,Debit,0.0,0.0,0.0,0.0,0.0,0.0,0.0,False,55,27572,797,59404,False,Debit,2010
1448,0.0,842.5636349999999,842.5636349999999,Mixed,0.4461280385582292,True,True,3,13200.0,Premium credit,842.563635,822.613635,842.563635,76679.87,842.563635,822.613635,842.563635,True,48,38539,850,0,False,Premium credit,2007
1288,0.0,233.96303,233.96303,Debit/prepaid only,0.0,False,True,2,0.0,Debit,233.96303,233.96303,233.96303,53224.06,233.96303,233.96303,233.96303,True,41,38059,634,68220,False,Debit,2002
1178,0.0,0.0,0.0,Dormant,,False,True,4,0.0,Debit,0.0,0.0,0.0,0.0,0.0,0.0,0.0,False,59,52754,693,38191,False,Debit,2006
1391,0.0,318.887255,318.887255,Debit/prepaid only,0.0,False,True,4,0.0,Debit,318.887255,315.477255,487.03409,91413.7,318.887255,315.477255,487.03409,True,45,51196,631,67164,False,Debit,2002
1452,0.0,440.13601,440.13601,Debit/prepaid only,0.0,False,True,1,0.0,Debit,440.13601,434.01601,440.13601,152831.02,440.13601,434.01601,440.13601,True,46,193773,660,241571,False,Debit,2007
1602,0.0,403.1411399999999,403.1411399999999,Credit-primary,1.0,True,False,2,7200.0,Core credit,403.14114,384.42114,403.14114,25261.73,403.14114,384.42114,403.14114,True,41,29864,717,44902,False,Core credit,2011
1492,0.0,612.6730949999999,612.6730949999999,Credit-primary,0.5114925757294918,True,True,8,27000.0,Premium credit,612.673095,610.873095,662.031825,56918.05,612.673095,610.873095,662.031825,True,63,56635,786,13015,False,Debit,2006
688,95.0,534.730515,629.730515,Mixed,0.4635590267883241,True,True,4,12000.0,Premium credit,534.730515,527.530515,534.730515,43514.48,629.730515,622.530515,629.730515,True,44,47227,760,151030,False,Debit,2010
643,0.0,573.4573199999999,573.4573199999999,Credit-primary,1.0,True,False,1,500.0,Core credit,573.45732,557.97732,573.45732,35645.74,573.45732,557.97732,573.45732,True,29,43397,697,42168,False,Core credit,2010
1219,0.0,840.08538,840.08538,Credit-primary,0.5904544377911572,True,True,2,18000.0,Premium credit,840.08538,787.56538,840.08538,71308.11,840.08538,787.56538,840.08538,True,28,58105,688,70254,False,Debit,2010
1198,0.0,655.70436,655.70436,Mixed,0.3129909316632957,False,True,1,0.0,Debit,655.70436,655.70436,655.70436,69159.31999999999,655.70436,655.70436,655.70436,True,82,10869,820,1820,False,Debit,1999
898,0.0,281.90201499999995,281.90201499999995,Mixed,0.4675104366953742,True,True,3,9500.0,Core credit,281.902015,254.912015,281.902015,23544.33,281.902015,254.912015,281.902015,True,90,19893,566,1712,False,Debit,2007
882,0.0,164.90497000000002,164.90497000000002,Debit/prepaid only,0.0,False,True,2,0.0,Debit,164.90497,163.67497,164.90497,29487.94,164.90497,163.67497,164.90497,True,63,36743,612,71719,False,Debit,2006
348,0.0,413.3961,413.3961,Credit-primary,1.0,True,True,3,13500.0,Premium credit,413.3961,388.1961,413.3961,27711.45,413.3961,388.1961,413.3961,True,49,46377,719,79980,False,Debit,2008
633,0.0,113.312085,113.312085,Debit/prepaid only,0.0,False,True,1,0.0,Debit,113.312085,105.682085,113.312085,40621.17,113.312085,105.682085,113.312085,True,36,50179,743,110515,False,Debit,2009
1493,0.0,1022.77224,1022.77224,Credit-primary,1.0,True,False,2,14400.0,Premium credit,1022.77224,332.29224,1022.77224,62275.68,1022.77224,332.29224,1022.77224,True,30,54537,765,121987,True,Premium credit,2010
217,95.0,436.108445,531.108445,Mixed,0.4454923600171533,True,True,7,8200.0,Core credit,436.108445,415.668445,436.108445,38919.59,531.1084450000001,510.668445,531.1084450000001,True,42,31031,744,21853,False,Core credit,2006
1877,95.0,1040.5556399999998,1135.5556399999998,Credit-primary,0.5291899008204768,True,True,4,22600.0,Premium credit,1040.55564,1018.44564,1040.55564,94058.73,1135.55564,1113.44564,1135.55564,True,65,70673,714,87605,True,Debit,1996
668,0.0,421.01409499999994,421.01409499999994,Mixed,0.4397811461803607,True,True,5,0.0,Core credit,421.014095,409.604095,421.014095,34651.44,421.014095,409.604095,421.014095,True,87,16342,747,1758,False,Debit,2001
203,0.0,497.5434,497.5434,Credit-primary,1.0,True,False,3,9100.0,Core credit,497.5434,472.7034,497.5434,33822.3,497.5434,472.7034,497.5434,True,58,30305,776,23392,False,Core credit,2002
1738,0.0,0.0,0.0,Dormant,,True,False,2,15700.0,Premium credit,0.0,0.0,0.0,0.0,0.0,0.0,0.0,False,30,68784,696,198417,False,Premium credit,2009
713,0.0,0.0,0.0,Dormant,,False,True,1,0.0,Debit,0.0,0.0,0.0,0.0,0.0,0.0,0.0,False,25,34745,691,26503,False,Debit,2014
1487,0.0,1410.68432,1410.68432,Credit-primary,0.5990787961093047,True,True,3,24200.0,Premium credit,1410.6843199999998,1404.6543199999999,1410.6843199999998,121410.69,1410.6843199999998,1404.6543199999999,1410.6843199999998,True,59,80464,727,76261,True,Premium credit,2000
370,0.0,179.6577,179.6577,Debit/prepaid only,0.0,False,True,4,0.0,Debit,179.6577,174.6377,179.6577,26789.4,179.6577,174.6377,179.6577,True,61,41904,655,12545,False,Debit,2002
1014,0.0,0.0,0.0,Dormant,,True,True,3,43900.0,Premium credit,0.0,0.0,0.0,0.0,0.0,0.0,0.0,False,54,196784,729,437533,False,Prepaid,2005
985,0.0,1588.0275,1588.0275,Credit-primary,1.0,True,False,3,16000.0,Premium credit,1588.0275000000001,733.3875,1588.0275000000001,93744.75,1588.0275000000001,733.3875,1588.0275000000001,True,32,51654,600,95454,True,Premium credit,2008
135,0.0,353.70055,353.70055,Debit/prepaid only,0.0,False,True,2,0.0,Debit,353.70054999999996,348.10055,353.70054999999996,79343.09999999999,353.70054999999996,348.10055,353.70054999999996,True,64,38088,691,51679,False,Debit,2000
1783,190.0,375.893115,565.893115,Mixed,0.498262845688089,True,True,5,11300.0,Premium credit,375.89311499999997,347.103115,375.89311499999997,28474.73,565.893115,537.103115,565.893115,True,52,37607,749,63689,False,Debit,1999
1321,0.0,0.0,0.0,Dormant,,False,True,1,0.0,Debit,0.0,0.0,0.0,0.0,0.0,0.0,0.0,False,49,34480,696,58795,False,Debit,2007
1511,0.0,255.63457999999997,255.63457999999997,Debit/prepaid only,0.0,False,True,2,0.0,Debit,255.63458,244.64458,255.63458,42510.159999999996,255.63458,244.64458,255.63458,True,43,48279,719,114254,False,Debit,2007
900,95.0,435.96126,530.96126,Credit-primary,0.7556018943011275,True,False,2,4900.0,Core credit,435.96126,392.40126,534.837685,37822.92,530.96126,487.40126,629.837685,True,36,32896,735,69800,False,Core credit,2009
233,95.0,983.25648,1078.25648,Credit-primary,1.0,True,False,1,13700.0,Premium credit,983.25648,983.25648,983.25648,57783.36,1078.25648,1078.25648,1078.25648,True,37,47464,716,83591,True,Premium credit,2012
406,0.0,0.0,0.0,Dormant,,True,False,1,4200.0,Core credit,0.0,0.0,0.0,0.0,0.0,0.0,0.0,False,23,85128,641,108678,False,Core credit,2016
1069,95.0,565.11718,660.11718,Mixed,0.4822805225271243,True,True,2,8800.0,Core credit,565.11718,514.93718,565.11718,50744.16,660.11718,609.93718,660.11718,True,54,45852,615,114746,False,Debit,2009
180,0.0,385.40466,385.40466,Credit-primary,1.0,True,False,2,7600.0,Core credit,385.40466,362.72466000000003,385.40466,22459.37,385.40466,362.72466000000003,385.40466,True,33,26556,840,43042,False,Core credit,2005
996,0.0,912.2341299999998,912.2341299999998,Credit-primary,0.5573018243348066,True,True,6,12900.0,Premium credit,912.2341299999999,912.2341299999999,912.2341299999999,73353.86,912.2341299999999,912.2341299999999,912.2341299999999,True,63,40194,738,107765,False,Premium credit,1999
1981,0.0,193.02002,193.02002,Mixed,0.1617472686111288,True,True,7,12300.0,Premium credit,193.02002000000002,188.91002,193.02002000000002,35598.19,193.02002000000002,188.91002,193.02002000000002,True,48,39303,702,23650,False,Debit,1997
870,95.0,677.0888,772.0888,Credit-primary,0.5707366010991777,True,True,3,0.0,Core credit,677.0888,663.4988,677.0888,52630.25,772.0888,758.4988,772.0888,True,63,71593,821,132181,False,Debit,2003
16,0.0,142.25615,142.25615,Debit/prepaid only,0.0,True,True,5,9500.0,Core credit,142.25615,141.75615,153.96644,42743.88,142.25615,141.75615,153.96644,True,75,22158,681,19101,False,Debit,1999
46,0.0,146.86824,146.86824,Debit/prepaid only,0.0,False,True,4,0.0,Debit,146.86824,146.29824,190.290095,47242.19,146.86824,146.29824,190.290095,True,62,53996,632,98211,False,Prepaid,2005
800,0.0,0.0,0.0,Dormant,,False,True,1,0.0,Debit,0.0,0.0,0.0,0.0,0.0,0.0,0.0,False,28,26025,723,23971,False,Debit,2016
697,0.0,109.135225,109.135225,Debit/prepaid only,0.0,False,True,2,0.0,Debit,109.13522499999999,102.255225,109.13522499999999,41738.45,109.13522499999999,102.255225,109.13522499999999,True,56,66230,742,90248,False,Debit,2010
1269,95.0,1014.9856199999998,1109.98562,Credit-primary,1.0,True,True,2,11300.0,Premium credit,1014.98562,972.50562,1014.98562,62876.09,1109.98562,1067.50562,1109.98562,True,56,36335,676,28929,True,Premium credit,2005
1782,0.0,129.265655,129.265655,Debit/prepaid only,0.0,False,True,3,0.0,Debit,129.26565499999998,126.245655,129.26565499999998,28686.31,129.26565499999998,126.245655,129.26565499999998,True,59,39633,777,58586,False,Debit,2008
1977,0.0,147.29213,147.29213,Debit/prepaid only,0.0,True,True,3,12900.0,Premium credit,147.29213,139.52213,255.25642499999998,39343.85,147.29213,139.52213,255.25642499999998,True,43,57185,773,0,False,Debit,1999
1734,0.0,0.0,0.0,Dormant,,False,True,1,0.0,Debit,0.0,0.0,0.0,0.0,0.0,0.0,0.0,False,37,82637,739,84762,False,Debit,2010
1913,285.0,840.3793199999999,1125.37932,Credit-primary,1.0,True,True,5,17800.0,Premium credit,840.37932,832.09932,840.37932,54109.74,1125.37932,1117.09932,1125.37932,True,60,31121,619,32768,True,Debit,2005
858,0.0,407.4157799999999,407.4157799999999,Credit-primary,0.5088676167650691,True,False,3,14600.0,Premium credit,407.41578000000004,350.17578000000003,586.24039,66646.43000000001,407.41578000000004,350.17578000000003,586.24039,True,47,30774,700,51428,False,Premium credit,2000
606,0.0,0.0,0.0,Dormant,,False,True,1,0.0,Debit,0.0,0.0,0.0,0.0,0.0,0.0,0.0,False,48,33236,747,57549,False,Debit,2006
1564,0.0,362.72923999999995,362.72923999999995,Credit-primary,0.5735731787133954,True,True,3,8200.0,Core credit,362.72924,356.04924,362.72924,30573.03,362.72924,356.04924,362.72924,True,35,37947,683,49951,False,Core credit,2008
1301,0.0,316.100685,316.100685,Debit/prepaid only,0.0,False,True,4,0.0,Debit,316.100685,305.170685,316.100685,47802.37,316.100685,305.170685,316.100685,True,26,61850,728,81158,False,Debit,2013
1399,0.0,0.0,0.0,Dormant,,False,True,1,0.0,Debit,0.0,0.0,0.0,0.0,0.0,0.0,0.0,False,28,40314,707,131348,False,Debit,2018
1775,0.0,607.867355,607.867355,Debit/prepaid only,0.0,False,True,1,0.0,Debit,607.867355,597.837355,607.867355,135630.71,607.867355,597.837355,607.867355,True,26,37968,788,55982,False,Debit,2015
1673,0.0,0.0,0.0,Dormant,,False,True,3,0.0,Debit,0.0,0.0,0.0,0.0,0.0,0.0,0.0,False,41,34954,772,45456,False,Debit,2008
1957,0.0,0.0,0.0,Dormant,,True,False,2,16300.0,Premium credit,0.0,0.0,0.0,0.0,0.0,0.0,0.0,True,40,95945,772,222735,False,Prepaid,2006
1024,0.0,601.834485,601.834485,Credit-primary,0.5179597117652875,True,True,4,16100.0,Premium credit,601.834485,582.464485,601.834485,45307.520000000004,601.834485,582.464485,601.834485,True,66,65573,739,143069,False,Premium credit,2002
1441,0.0,0.0,0.0,Dormant,,True,True,3,12500.0,Premium credit,0.0,0.0,0.0,0.0,0.0,0.0,0.0,False,40,48609,737,43520,False,Prepaid,2002
1103,0.0,513.1744299999999,513.1744299999999,Mixed,0.4124860927651891,True,True,3,5300.0,Core credit,513.17443,497.72443,513.17443,51169.409999999996,513.17443,497.72443,513.17443,True,45,25723,746,34007,False,Core credit,2003
165,0.0,300.84355,300.84355,Debit/prepaid only,0.0,False,True,3,0.0,Debit,300.84355,206.23354999999998,345.60853499999996,128677.07,300.84355,206.23354999999998,345.60853499999996,True,34,107683,694,225017,False,Debit,2008
353,0.0,0.0,0.0,Dormant,,False,False,1,0.0,Prepaid,0.0,0.0,0.0,0.0,0.0,0.0,0.0,False,24,32847,721,33514,False,Prepaid,2018
1758,0.0,498.686255,498.686255,Mixed,0.4523010488443391,True,True,4,3800.0,Core credit,498.68625499999996,480.846255,498.68625499999996,35092.909999999996,498.68625499999996,480.846255,498.68625499999996,True,57,22556,645,43260,False,Debit,2007
1266,0.0,139.879725,139.879725,Debit/prepaid only,0.0,False,True,1,0.0,Debit,139.879725,130.639725,139.879725,29417.45,139.879725,130.639725,139.879725,True,35,46063,618,106528,False,Debit,2005
792,0.0,0.0,0.0,Dormant,,False,False,1,0.0,Prepaid,0.0,0.0,0.0,0.0,0.0,0.0,0.0,False,28,45180,698,13168,False,Prepaid,2010
1055,0.0,0.0,0.0,Dormant,,False,True,1,0.0,Debit,0.0,0.0,0.0,0.0,0.0,0.0,0.0,False,37,30865,594,55079,False,Debit,2003
1115,0.0,218.244625,218.244625,Debit/prepaid only,0.0,True,True,5,6400.0,Core credit,218.24462499999998,216.484625,275.768045,70072.09,218.24462499999998,216.484625,275.768045,True,53,30198,693,40950,False,Core credit,2000
38,0.0,286.79033999999996,286.79033999999996,Debit/prepaid only,0.0,False,True,1,0.0,Debit,286.79034,283.55034,286.79034,53007.68,286.79034,283.55034,286.79034,True,45,40006,621,72794,False,Debit,2007
1027,0.0,755.9185449999999,755.9185449999999,Credit-primary,0.5536190037850097,True,True,3,13800.0,Premium credit,755.918545,734.2285449999999,755.918545,71199.29,755.918545,734.2285449999999,755.918545,True,53,61646,693,0,False,Debit,2002
11,95.0,665.2482399999999,760.2482399999999,Credit-primary,0.5411448101283798,True,True,6,19400.0,Premium credit,665.24824,659.55824,683.94282,59153.39,760.24824,754.55824,778.94282,True,39,67643,714,0,False,Premium credit,2001
871,95.0,678.879255,773.879255,Credit-primary,0.5161090776938023,True,True,5,9000.0,Core credit,678.879255,653.829255,789.62634,60508.43,773.879255,748.829255,884.62634,True,86,22650,690,0,False,Core credit,2005
746,95.0,710.2148399999999,805.2148399999999,Credit-primary,1.0,True,False,4,9800.0,Core credit,710.21484,638.93484,710.21484,42199.38,805.21484,733.93484,805.21484,True,63,30288,689,42745,False,Core credit,1996
1520,0.0,528.364575,528.364575,Credit-primary,0.5143497112062451,True,True,5,9800.0,Core credit,528.364575,522.604575,528.364575,42010.95,528.364575,522.604575,528.364575,True,67,47213,789,1082,False,Core credit,2006
1372,0.0,0.0,0.0,Dormant,,False,True,1,0.0,Debit,0.0,0.0,0.0,0.0,0.0,0.0,0.0,False,76,28215,697,18116,False,Debit,2010
1799,0.0,418.695665,418.695665,Debit/prepaid only,0.0,False,True,3,0.0,Debit,418.695665,414.325665,418.695665,83308.33,418.695665,414.325665,418.695665,True,32,105515,646,192458,False,Prepaid,2006
1905,95.0,248.47766,343.47766,Credit-primary,0.507273041058107,True,True,4,6700.0,Core credit,248.47766000000001,241.28766,248.47766000000001,25611.02,343.47766,336.28765999999996,343.47766,True,36,28489,808,6087,False,Debit,2004
130,0.0,0.0,0.0,Dormant,,True,True,3,19400.0,Premium credit,0.0,0.0,0.0,0.0,0.0,0.0,0.0,False,63,81048,781,156195,False,Core credit,2004
1155,0.0,756.6860150000001,756.6860150000001,Credit-primary,0.5357140268824133,True,True,5,7100.0,Core credit,756.686015,692.396015,756.686015,63471.979999999996,756.686015,692.396015,756.686015,True,83,29494,689,1196,False,Core credit,2002
663,0.0,726.040325,726.040325,Credit-primary,0.5310023015167669,True,True,5,17400.0,Premium credit,726.040325,710.340325,726.040325,60872.9,726.040325,710.340325,726.040325,True,68,70554,655,39078,False,Debit,2000
1987,0.0,0.0,0.0,Dormant,,True,False,2,18300.0,Premium credit,0.0,0.0,0.0,0.0,0.0,0.0,0.0,True,63,33686,488,24997,False,Premium credit,2001
1484,0.0,828.9627699999999,828.9627699999999,Credit-primary,0.576155304284706,True,True,6,17200.0,Premium credit,828.96277,698.2427700000001,828.96277,63563.99,828.96277,698.2427700000001,828.96277,True,92,57732,726,2261,False,Premium credit,1999
607,0.0,0.0,0.0,Dormant,,False,True,1,0.0,Debit,0.0,0.0,0.0,0.0,0.0,0.0,0.0,False,25,42617,771,67590,False,Debit,2014
1769,0.0,547.40551,547.40551,Mixed,0.4293606266317005,True,True,5,9900.0,Core credit,547.4055099999999,483.68551,622.999055,54498.36,547.4055099999999,483.68551,622.999055,True,75,46031,661,8332,False,Core credit,2003
698,0.0,0.0,0.0,Dormant,,False,True,2,0.0,Debit,0.0,0.0,0.0,0.0,0.0,0.0,0.0,False,55,65094,699,23909,False,Debit,2004
896,0.0,0.0,0.0,Dormant,,False,True,1,0.0,Debit,0.0,0.0,0.0,0.0,0.0,0.0,0.0,False,27,37268,626,50388,False,Debit,2011
1975,0.0,351.41186,351.41186,Credit-primary,0.5103737995704314,True,True,3,9800.0,Core credit,351.41186,333.34186,351.41186,33140.22,351.41186,333.34186,351.41186,True,53,38972,738,44098,False,Debit,2009
645,0.0,0.0,0.0,Dormant,,False,True,5,0.0,Debit,0.0,0.0,0.0,0.0,0.0,0.0,0.0,False,63,26661,750,42667,False,Debit,2003
227,0.0,965.216175,965.216175,Credit-primary,0.6347259702163185,True,True,4,25200.0,Premium credit,965.216175,965.216175,965.216175,78338.2,965.216175,965.216175,965.216175,True,48,82295,736,1555,False,Debit,2006
84,0.0,285.029155,285.029155,Debit/prepaid only,0.0,True,True,3,5400.0,Core credit,285.029155,271.369155,285.029155,40509.31,285.029155,271.369155,285.029155,True,47,25748,738,41455,False,Debit,1996
1684,0.0,457.085275,457.085275,Mixed,0.4109183048697137,True,True,5,5700.0,Core credit,457.085275,440.135275,518.891565,48033.83,457.085275,440.135275,518.891565,True,56,27861,782,108313,False,Core credit,2004
1508,95.0,253.267655,348.267655,Credit-primary,0.5130852957043867,True,True,4,10700.0,Premium credit,253.267655,239.137655,299.07281,22836.32,348.267655,334.137655,394.07281,True,66,38999,747,64875,False,Debit,2004
1158,0.0,0.0,0.0,Dormant,,True,True,2,7800.0,Core credit,0.0,0.0,0.0,0.0,0.0,0.0,0.0,False,62,33112,716,56040,False,Debit,2013
1427,0.0,196.571135,196.571135,Debit/prepaid only,0.0,False,True,1,0.0,Debit,196.571135,191.18113499999998,196.571135,58060.270000000004,196.571135,191.18113499999998,196.571135,True,34,100880,770,210445,False,Debit,2010
724,0.0,421.65435,421.65435,Credit-primary,0.5957057919185351,True,True,4,7200.0,Core credit,421.65435,399.96435,421.65435,36295.4,421.65435,399.96435,421.65435,True,45,35142,731,107898,False,Debit,2005
543,0.0,178.50133499999998,178.50133499999998,Debit/prepaid only,0.0,True,True,3,11800.0,Premium credit,178.50133499999998,178.50133499999998,178.50133499999998,42089.67,178.50133499999998,178.50133499999998,178.50133499999998,True,43,30721,749,49961,False,Debit,2009
1559,95.0,1151.4877299999998,1246.4877299999998,Mixed,0.4600491771048302,True,True,3,13300.0,Premium credit,1151.48773,1033.75773,1151.48773,112560.51,1246.48773,1128.75773,1246.48773,True,56,58846,746,126806,True,Debit,2003
1950,0.0,0.0,0.0,Dormant,,True,True,5,1200.0,Core credit,0.0,0.0,0.0,0.0,0.0,0.0,0.0,False,39,22312,720,39445,False,Debit,2005
1397,95.0,386.67905,481.67905,Mixed,0.490525995604663,True,True,3,13600.0,Premium credit,386.67905,366.38905,386.67905,32875.75,481.67905,461.38905,481.67905,True,32,36388,710,92949,False,Debit,2008
873,0.0,0.0,0.0,Dormant,,False,True,3,0.0,Debit,0.0,0.0,0.0,0.0,0.0,0.0,0.0,False,52,45037,710,31792,False,Debit,1998
1728,0.0,366.79783,366.79783,Credit-primary,0.5409000112824393,True,True,4,13900.0,Premium credit,366.79783,297.39783,366.79783,34212.46,366.79783,297.39783,366.79783,True,47,38615,601,74337,False,Core credit,2001
299,95.0,248.40316,343.40315999999996,Credit-primary,0.5130903923066348,True,True,3,8300.0,Core credit,248.40316,163.17316,248.40316,21968.02,343.40316,258.17316,343.40316,True,40,28229,622,55675,False,Debit,2009
1742,0.0,175.220815,175.220815,Debit/prepaid only,0.0,True,True,4,14700.0,Premium credit,175.220815,160.280815,214.687305,44493.61,175.220815,160.280815,214.687305,True,58,50232,751,1218,False,Debit,2004
1004,0.0,0.0,0.0,Dormant,,False,True,3,0.0,Debit,0.0,0.0,0.0,0.0,0.0,0.0,0.0,False,59,34350,705,61639,False,Debit,1997
301,0.0,668.5974,668.5974,Credit-primary,1.0,True,False,1,21000.0,Premium credit,668.5974,641.2374,668.5974,39800.3,668.5974,641.2374,668.5974,True,47,52308,679,135319,False,Premium credit,2005
906,0.0,449.9281399999999,449.9281399999999,Credit-primary,0.5163570697294833,True,True,6,13000.0,Premium credit,449.92814,447.74814,449.92814,43143.729999999996,449.92814,447.74814,449.92814,True,75,21154,705,5764,False,Premium credit,2000
110,95.0,568.347815,663.347815,Credit-primary,0.6265811469041076,True,True,4,16000.0,Premium credit,568.347815,556.827815,568.347815,47709.83,663.347815,651.827815,663.347815,True,52,52186,737,42852,False,Debit,2001
1073,0.0,211.48199,211.48199,Debit/prepaid only,0.0,False,True,2,0.0,Debit,211.48199,202.66198999999997,211.48199,41709.98,211.48199,202.66198999999997,211.48199,True,43,35264,770,70328,False,Debit,2007
705,0.0,1709.1750599999998,1709.1750599999998,Credit-primary,0.9609693938578108,True,False,2,5200.0,Core credit,1709.17506,1668.13506,1785.570795,105339.64,1709.17506,1668.13506,1785.570795,True,84,79870,609,4031,True,Core credit,1999
820,95.0,730.8432449999999,825.8432449999999,Credit-primary,0.5260473587759688,True,True,4,15100.0,Premium credit,730.843245,709.423245,730.843245,62513.44,825.843245,804.423245,825.843245,True,70,41902,633,29713,False,Premium credit,2001
1128,95.0,366.909235,461.909235,Credit-primary,0.5475415130132444,True,True,5,11100.0,Premium credit,366.909235,357.389235,366.909235,31027.62,461.909235,452.389235,461.909235,True,47,34606,680,23909,False,Debit,2004
1479,0.0,352.93446,352.93446,Credit-primary,1.0,True,False,1,2800.0,Core credit,352.93446,323.41446,352.93446,24814.47,352.93446,323.41446,352.93446,True,32,26631,805,33950,False,Core credit,2008
1594,0.0,353.005545,353.005545,Mixed,0.4917599375938633,True,True,3,5700.0,Core credit,353.005545,344.005545,353.005545,28625.39,353.005545,344.005545,353.005545,True,39,35978,643,49366,False,Debit,2002
1485,0.0,201.51525,201.51525,Debit/prepaid only,0.0,False,True,4,0.0,Debit,201.51524999999998,197.42525,264.967805,43792.61,201.51524999999998,197.42525,264.967805,True,64,49756,618,89743,False,Debit,2005
1390,95.0,0.0,95.0,Dormant,,True,True,3,21400.0,Premium credit,0.0,0.0,0.0,0.0,95.0,95.0,95.0,False,37,60897,850,85771,False,Premium credit,2006
644,0.0,434.2482,434.2482,Credit-primary,1.0,True,False,1,7700.0,Core credit,434.2482,434.2482,434.2482,28707.9,434.2482,434.2482,434.2482,True,58,41963,741,53857,False,Core credit,2010
1912,0.0,0.0,0.0,Dormant,,False,True,1,0.0,Debit,0.0,0.0,0.0,0.0,0.0,0.0,0.0,False,37,44976,684,134335,False,Debit,2005
1584,0.0,121.96436,121.96436,Debit/prepaid only,0.0,False,True,2,0.0,Debit,121.96436,121.46436,121.96436,28671.72,121.96436,121.46436,121.96436,True,27,46733,692,34333,False,Debit,2011
1824,0.0,0.0,0.0,Dormant,,False,True,1,0.0,Debit,0.0,0.0,0.0,0.0,0.0,0.0,0.0,False,23,50433,838,97029,False,Debit,2016
650,0.0,265.58405999999997,265.58405999999997,Credit-primary,0.5320039294741981,True,True,5,7300.0,Core credit,265.58406,159.09405999999998,295.280745,28329.49,265.58406,159.09405999999998,295.280745,True,45,24215,707,28552,False,Debit,2001
762,0.0,219.70707,219.70707,Debit/prepaid only,0.0,False,True,1,0.0,Debit,219.70707,218.63707,219.70707,45746.14,219.70707,218.63707,219.70707,True,49,37298,683,52134,False,Debit,2006
1931,0.0,2065.72536,2065.72536,Credit-primary,1.0,True,True,2,17300.0,Premium credit,2065.72536,2008.84536,2065.72536,122207.52,2065.72536,2008.84536,2065.72536,True,58,82974,503,181429,True,Debit,1999
702,0.0,1177.8796799999998,1177.8796799999998,Credit-primary,0.7787375615412707,True,False,4,20100.0,Premium credit,1177.87968,1025.23968,1320.640565,87650.53,1177.87968,1025.23968,1320.640565,True,46,71103,721,136853,True,Prepaid,2000
918,0.0,188.935565,188.935565,Debit/prepaid only,0.0,False,True,2,0.0,Debit,188.935565,175.905565,188.935565,38158.13,188.935565,175.905565,188.935565,True,43,29194,703,10895,False,Debit,2008
1137,0.0,556.5497399999999,556.5497399999999,Credit-primary,1.0,True,True,2,7600.0,Core credit,556.5497399999999,448.90974,556.5497399999999,34152.43,556.5497399999999,448.90974,556.5497399999999,True,52,33465,669,98713,False,Core credit,2003
1406,0.0,261.28117,261.28117,Mixed,0.4772762341737954,True,True,2,6100.0,Core credit,261.28117,239.73117,261.28117,18599.69,261.28117,239.73117,261.28117,True,36,23718,712,1386,False,Core credit,2009
437,0.0,202.98778,202.98778,Debit/prepaid only,0.0,True,True,3,17400.0,Premium credit,202.98778,199.52778,202.98778,55124.56,202.98778,199.52778,202.98778,True,46,72670,718,28915,False,Debit,2004
891,0.0,282.24998999999997,282.24998999999997,Debit/prepaid only,0.0,True,True,5,8800.0,Core credit,282.24998999999997,275.49998999999997,282.24998999999997,45782.979999999996,282.24998999999997,275.49998999999997,282.24998999999997,True,38,34854,746,40722,False,Debit,2007
701,95.0,0.0,95.0,Dormant,,True,False,1,11800.0,Premium credit,0.0,0.0,0.0,0.0,95.0,95.0,95.0,False,28,53984,701,76118,False,Premium credit,2018
1147,0.0,1245.4570649999998,1245.4570649999998,Credit-primary,0.5384125520860706,True,True,2,21800.0,Premium credit,1245.457065,1145.807065,1245.457065,99321.18,1245.457065,1145.807065,1245.457065,True,80,104692,704,6955,True,Debit,2003
1664,95.0,693.378395,788.378395,Credit-primary,0.5689161789295443,True,True,4,21900.0,Premium credit,693.378395,622.318395,693.378395,47144.590000000004,788.378395,717.318395,788.378395,True,38,69566,791,50003,False,Premium credit,2008
1009,0.0,251.504495,251.504495,Mixed,0.4613849274973875,True,True,3,8500.0,Core credit,251.504495,230.79449499999998,251.504495,21042.69,251.504495,230.79449499999998,251.504495,True,41,28733,702,0,False,Core credit,2008
1341,0.0,615.3344649999999,615.3344649999999,Mixed,0.4830022704198449,True,True,4,11000.0,Premium credit,615.334465,605.424465,615.334465,48982.13,615.334465,605.424465,615.334465,True,87,30349,686,2985,False,Debit,2001
824,0.0,0.0,0.0,Dormant,,False,True,2,0.0,Debit,0.0,0.0,0.0,0.0,0.0,0.0,0.0,False,32,36901,695,23293,False,Debit,2008
563,0.0,1101.3584649999998,1101.3584649999998,Credit-primary,0.5891236647625497,True,True,6,11800.0,Premium credit,1101.358465,1006.668465,1101.358465,87062.23,1101.358465,1006.668465,1101.358465,True,70,49531,737,6707,True,Prepaid,2004
1612,0.0,0.0,0.0,Dormant,,True,False,1,12700.0,Premium credit,0.0,0.0,0.0,0.0,0.0,0.0,0.0,False,68,35370,562,14777,False,Premium credit,2007
1700,0.0,308.45915999999994,308.45915999999994,Credit-primary,1.0,True,False,1,4600.0,Core credit,308.45916,226.37916,308.45916,17566.62,308.45916,226.37916,308.45916,True,45,38666,822,116783,False,Core credit,2008
963,0.0,559.6847999999999,559.6847999999999,Credit-primary,1.0,True,False,1,6500.0,Core credit,559.6848,494.5248,559.6848,39336.6,559.6848,494.5248,559.6848,True,24,41714,687,54541,False,Core credit,2015
1586,0.0,771.716115,771.716115,Credit-primary,0.5496183368422604,True,True,4,20700.0,Premium credit,771.716115,739.996115,771.716115,70543.88,771.716115,739.996115,771.716115,True,43,56640,672,104134,False,Premium credit,2007
1286,0.0,320.62613999999996,320.62613999999996,Debit/prepaid only,0.0,False,True,2,0.0,Debit,320.62613999999996,320.62613999999996,320.62613999999996,74544.28,320.62613999999996,320.62613999999996,320.62613999999996,True,53,61578,602,85383,False,Debit,2003
719,0.0,537.562115,537.562115,Credit-primary,0.505133675650401,True,True,2,13900.0,Premium credit,537.562115,459.162115,537.562115,46280.68,537.562115,459.162115,537.562115,True,53,50139,767,109623,False,Debit,2008
1814,0.0,0.0,0.0,Dormant,,True,True,3,11800.0,Premium credit,0.0,0.0,0.0,0.0,0.0,0.0,0.0,False,41,32856,703,26535,False,Premium credit,2004
1723,0.0,145.07707,145.07707,Debit/prepaid only,0.0,False,True,3,0.0,Debit,145.07707,141.40707,145.07707,27623.14,145.07707,141.40707,145.07707,True,41,36080,839,80443,False,Debit,2001
1377,0.0,0.0,0.0,Dormant,,False,True,1,0.0,Debit,0.0,0.0,0.0,0.0,0.0,0.0,0.0,False,32,29637,569,56446,False,Debit,2006
470,0.0,592.530505,592.530505,Credit-primary,0.5577888069048632,True,True,3,5800.0,Core credit,592.530505,309.660505,592.530505,50681.96,592.530505,309.660505,592.530505,True,56,28553,747,94214,False,Debit,2005
229,0.0,584.3150149999999,584.3150149999999,Credit-primary,0.5595044395132374,True,True,2,16700.0,Premium credit,584.315015,553.055015,584.315015,49057.18,584.315015,553.055015,584.315015,True,35,59248,725,173887,False,Premium credit,2008
1512,0.0,581.2306799999999,581.2306799999999,Credit-primary,0.5705036920107274,True,True,7,18500.0,Premium credit,581.23068,545.81068,586.01205,47765.3,581.23068,545.81068,586.01205,True,44,67008,778,81402,False,Debit,2000
1543,0.0,1334.8657000000003,1334.8657000000003,Credit-primary,0.5309100372151883,True,True,4,29800.0,Premium credit,1334.8657,1334.8657,1334.8657,117586.4,1334.8657,1334.8657,1334.8657,True,31,105963,684,106266,True,Premium credit,2008
147,0.0,618.60276,618.60276,Credit-primary,1.0,True,True,2,18000.0,Premium credit,618.60276,536.5227600000001,618.60276,40963.82,618.60276,536.5227600000001,618.60276,True,30,56383,800,130152,False,Debit,2009
1941,0.0,695.43288,695.43288,Credit-primary,0.9079963666835827,True,True,3,8700.0,Core credit,695.4328800000001,668.79288,819.26032,71648.04,695.4328800000001,668.79288,819.26032,True,38,38609,740,27463,False,Debit,2002
901,0.0,350.68544499999996,350.68544499999996,Credit-primary,0.5217306514398224,True,True,3,9600.0,Core credit,350.685445,318.605445,350.685445,28766.74,350.685445,318.605445,350.685445,True,48,36671,850,39882,False,Prepaid,2002
1828,0.0,0.0,0.0,Dormant,,False,True,2,0.0,Debit,0.0,0.0,0.0,0.0,0.0,0.0,0.0,False,50,2466,711,5521,False,Debit,2011
29,0.0,0.0,0.0,Dormant,,True,True,2,2700.0,Core credit,0.0,0.0,0.0,0.0,0.0,0.0,0.0,False,68,27358,665,13557,False,Debit,2010
995,0.0,0.0,0.0,Dormant,,False,True,1,0.0,Debit,0.0,0.0,0.0,0.0,0.0,0.0,0.0,False,40,101679,592,307856,False,Debit,2005
186,0.0,0.0,0.0,Dormant,,True,False,1,8900.0,Core credit,0.0,0.0,0.0,0.0,0.0,0.0,0.0,False,61,38536,705,72299,False,Core credit,2005
171,0.0,298.87418499999995,298.87418499999995,Debit/prepaid only,0.0,False,True,3,0.0,Debit,298.874185,289.384185,328.42095,111218.9,298.874185,289.384185,328.42095,True,43,49577,694,142314,False,Prepaid,1996
1314,0.0,394.059315,394.059315,Debit/prepaid only,0.0,True,True,5,15000.0,Premium credit,394.05931499999997,383.019315,394.05931499999997,76660.63,394.05931499999997,383.019315,394.05931499999997,True,43,39404,723,71859,False,Debit,2006
1560,95.0,343.4378750000001,438.4378750000001,Credit-primary,0.5411067702053088,True,True,5,15500.0,Premium credit,343.437875,281.457875,343.437875,31099.5,438.437875,376.457875,438.437875,True,61,18452,741,16827,False,Premium credit,2001
613,95.0,506.97282,601.97282,Credit-primary,0.5194625437332065,True,True,3,12600.0,Premium credit,506.97281999999996,493.58281999999997,506.97281999999996,42922.19,601.97282,588.58282,601.97282,True,39,56562,712,111495,False,Premium credit,2007
346,0.0,572.411795,572.411795,Credit-primary,0.5597263469721449,True,True,7,18900.0,Premium credit,572.411795,534.551795,596.965895,52235.49,572.411795,534.551795,596.965895,True,90,48580,687,1785,False,Debit,2003
812,0.0,0.0,0.0,Dormant,,True,False,1,2400.0,Core credit,0.0,0.0,0.0,0.0,0.0,0.0,0.0,False,41,41469,659,119423,False,Core credit,2012
13,0.0,272.57625,272.57625,Mixed,0.4754244018680902,True,True,4,10400.0,Premium credit,272.57625,269.32625,317.23578,28947.21,272.57625,269.32625,317.23578,True,52,32378,588,65919,False,Premium credit,2006
602,0.0,736.4250049999999,736.4250049999999,Credit-primary,0.5375860284934391,True,True,4,9500.0,Core credit,736.4250049999999,670.435005,736.4250049999999,61348.86,736.4250049999999,670.435005,736.4250049999999,True,57,34437,681,0,False,Debit,2005
657,0.0,141.431255,141.431255,Debit/prepaid only,0.0,False,True,4,0.0,Debit,141.431255,136.281255,141.431255,20369.51,141.431255,136.281255,141.431255,True,83,33897,705,533,False,Debit,2001
909,0.0,690.16833,690.16833,Debit/prepaid only,0.0,False,True,5,0.0,Debit,690.16833,683.86833,724.336495,161886.99,690.16833,683.86833,724.336495,True,38,49023,583,66148,False,Debit,2004
1267,0.0,109.128655,109.128655,Debit/prepaid only,0.0,False,True,4,0.0,Debit,109.128655,99.648655,127.656915,40394.83,109.128655,99.648655,127.656915,True,81,31912,630,2182,False,Debit,2003
411,0.0,0.0,0.0,Dormant,,False,False,1,0.0,Prepaid,0.0,0.0,0.0,0.0,0.0,0.0,0.0,False,30,37521,775,65701,False,Prepaid,2012
350,0.0,866.02832,866.02832,Credit-primary,0.5575957094068277,True,True,4,12100.0,Premium credit,866.02832,775.36832,866.02832,77617.24,866.02832,775.36832,866.02832,True,62,58463,737,141151,False,Premium credit,2004
1323,0.0,612.9362699999999,612.9362699999999,Credit-primary,0.5362714808209109,True,True,3,8700.0,Core credit,612.93627,296.97627,612.93627,53107.840000000004,612.93627,296.97627,612.93627,True,36,31414,719,42233,False,Debit,2008
421,0.0,799.632045,799.632045,Credit-primary,0.5401504217262609,True,True,6,10600.0,Premium credit,799.632045,795.6520449999999,799.632045,59182.94,799.632045,795.6520449999999,799.632045,True,53,45876,790,58252,False,Debit,2005
223,190.0,0.0,190.0,Dormant,,True,True,5,15900.0,Premium credit,0.0,0.0,0.0,0.0,190.0,190.0,190.0,False,37,58637,803,87340,False,Premium credit,2007
1402,0.0,0.0,0.0,Dormant,,True,True,2,25300.0,Premium credit,0.0,0.0,0.0,0.0,0.0,0.0,0.0,False,35,96574,590,265319,False,Premium credit,2012
354,95.0,508.937195,603.937195,Mixed,0.4502212999709364,True,True,6,9200.0,Core credit,508.937195,466.217195,508.937195,48755.09,603.937195,561.217195,603.937195,True,77,31942,713,11845,False,Debit,2000
314,0.0,0.0,0.0,Dormant,,True,False,1,19800.0,Premium credit,0.0,0.0,0.0,0.0,0.0,0.0,0.0,False,27,57927,557,87736,False,Premium credit,2017
1613,0.0,530.3063649999999,530.3063649999999,Mixed,0.4698701024395395,True,True,3,12500.0,Premium credit,530.306365,507.956365,587.252525,62021.95,530.306365,507.956365,587.252525,True,39,44134,792,0,False,Prepaid,2003
586,0.0,401.19918,401.19918,Mixed,0.4884424513264158,True,True,2,20300.0,Premium credit,401.19918,329.79918,401.19918,33212.06,401.19918,329.79918,401.19918,True,37,46864,751,58954,False,Premium credit,2011
119,0.0,307.51664,307.51664,Mixed,0.242865808091074,True,True,2,2500.0,Core credit,307.51664,307.15664,307.51664,43342.33,307.51664,307.15664,307.51664,True,44,56605,624,87970,False,Debit,2008
1312,0.0,0.0,0.0,Dormant,,False,True,1,0.0,Debit,0.0,0.0,0.0,0.0,0.0,0.0,0.0,False,31,51209,765,76900,False,Debit,2009
1529,0.0,365.531265,365.531265,Debit/prepaid only,0.0,False,True,3,0.0,Debit,365.53126499999996,356.111265,365.53126499999996,62748.53,365.53126499999996,356.111265,365.53126499999996,True,51,76305,692,112785,False,Debit,2003
1596,0.0,986.3379,986.3379,Credit-primary,0.7745794272324055,True,True,4,6600.0,Core credit,986.3379,977.3379,1095.20081,74331.37,986.3379,977.3379,1095.20081,True,42,31772,734,17286,True,Core credit,2001
714,0.0,0.0,0.0,Debit/prepaid only,0.0,False,False,2,0.0,Prepaid,0.0,0.0,201.932055,30594.11,0.0,0.0,201.932055,True,61,73383,760,155191,False,Prepaid,2008
887,0.0,0.0,0.0,Dormant,,True,True,4,13900.0,Premium credit,0.0,0.0,0.0,0.0,0.0,0.0,0.0,False,55,53287,816,51026,False,Premium credit,2003
1425,0.0,511.561455,511.561455,Mixed,0.4946308520405721,True,True,8,10400.0,Premium credit,511.561455,511.561455,557.0474,45962.6,511.561455,511.561455,557.0474,True,88,19225,809,1644,False,Prepaid,2003
1645,0.0,135.562795,135.562795,Debit/prepaid only,0.0,False,True,2,0.0,Debit,135.562795,133.392795,206.54655,42114.1,135.562795,133.392795,206.54655,True,62,60541,716,160456,False,Prepaid,2005
1863,0.0,212.78004,212.78004,Debit/prepaid only,0.0,False,True,1,0.0,Debit,212.78003999999999,210.12004,212.78003999999999,61574.08,212.78003999999999,210.12004,212.78003999999999,True,44,44124,850,107162,False,Debit,2009
1576,0.0,156.3815,156.3815,Debit/prepaid only,0.0,False,True,6,0.0,Debit,156.3815,141.2715,322.929255,67662.51,156.3815,141.2715,322.929255,True,88,36764,712,839,False,Debit,2003
1268,0.0,87.95121,87.95121,Debit/prepaid only,0.0,True,True,3,5900.0,Core credit,87.95121,81.86121,87.95121,21841.42,87.95121,81.86121,87.95121,True,47,29597,513,44388,False,Debit,2002
1565,0.0,0.0,0.0,Dormant,,True,False,1,2000.0,Core credit,0.0,0.0,0.0,0.0,0.0,0.0,0.0,False,37,38656,584,47523,False,Core credit,2007
1842,0.0,665.56336,665.56336,Credit-primary,0.5375745494060526,True,True,2,1300.0,Core credit,665.56336,363.39336,665.56336,59438.77,665.56336,363.39336,665.56336,True,45,31373,637,58481,False,Debit,2005
485,0.0,0.0,0.0,Dormant,,True,False,1,13200.0,Premium credit,0.0,0.0,0.0,0.0,0.0,0.0,0.0,False,39,38211,665,84427,False,Premium credit,2005
244,95.0,380.8173599999999,475.8173599999999,Credit-primary,1.0,True,False,2,8500.0,Core credit,380.81736,286.85736,380.81736,26100.52,475.81736,381.85736,475.81736,True,40,26802,638,43444,False,Core credit,2006
145,0.0,213.49147,213.49147,Mixed,0.3351454027889803,True,True,3,6000.0,Core credit,213.49147,213.49147,213.49147,22489.94,213.49147,213.49147,213.49147,True,58,25334,696,182,False,Core credit,2008
866,95.0,541.1078699999999,636.1078699999999,Mixed,0.4995604218534563,True,True,2,4500.0,Core credit,541.10787,538.29787,541.10787,48034.69,636.10787,633.29787,636.10787,True,34,61904,639,125358,False,Debit,2006
1424,0.0,283.90158,283.90158,Mixed,0.4779616797251991,True,False,3,8300.0,Core credit,283.90158,223.78158,430.2953,54657.75,283.90158,223.78158,430.2953,True,101,15348,761,1396,False,Core credit,2009
427,0.0,96.87234,96.87234,Debit/prepaid only,0.0,False,True,3,0.0,Debit,96.87234,92.56233999999999,172.622355,34990.71,96.87234,92.56233999999999,172.622355,True,44,32527,705,74331,False,Debit,2010
684,0.0,362.0361149999999,362.0361149999999,Credit-primary,0.6490758755701405,True,True,7,8800.0,Core credit,362.036115,348.426115,378.699255,29034.51,362.036115,348.426115,378.699255,True,51,44170,661,90049,False,Debit,2010
1300,0.0,401.62245,401.62245,Mixed,0.4047244236257191,True,True,4,4900.0,Core credit,401.62245,375.89245,401.62245,33324.7,401.62245,375.89245,401.62245,True,58,23092,752,20545,False,Debit,1997
1669,95.0,498.34266999999994,593.34267,Credit-primary,0.6147527238844117,True,True,4,11400.0,Premium credit,498.34267,482.15267,498.34267,39418.89,593.34267,577.15267,593.34267,True,44,51454,698,151162,False,Premium credit,2004
937,0.0,0.0,0.0,Dormant,,False,True,1,0.0,Debit,0.0,0.0,0.0,0.0,0.0,0.0,0.0,False,47,94133,603,189899,False,Debit,2008
845,0.0,234.795605,234.795605,Debit/prepaid only,0.0,True,True,5,7900.0,Core credit,234.795605,230.345605,234.795605,47292.21,234.795605,230.345605,234.795605,True,58,36710,786,116794,False,Debit,1996
1518,0.0,624.27294,624.27294,Credit-primary,1.0,True,False,3,16800.0,Premium credit,624.2729400000001,575.31294,624.2729400000001,37652.83,624.2729400000001,575.31294,624.2729400000001,True,62,37785,745,81500,False,Core credit,2008
1591,95.0,679.973465,774.973465,Mixed,0.407637701974024,True,True,5,9800.0,Core credit,679.973465,674.3334649999999,784.2574549999999,68290.96,774.973465,769.3334649999999,879.2574549999999,True,58,33717,698,58236,False,Debit,2003
1629,0.0,344.60711,344.60711,Debit/prepaid only,0.0,False,True,1,0.0,Debit,344.60711,332.19711,344.60711,47478.22,344.60711,332.19711,344.60711,True,42,29422,598,58679,False,Debit,2009
675,0.0,366.4095999999999,366.4095999999999,Mixed,0.4344496324380996,True,True,5,9700.0,Core credit,366.4096,349.2396,366.4096,32810.8,366.4096,349.2396,366.4096,True,40,35489,724,91995,False,Core credit,2011
577,95.0,452.4228549999999,547.4228549999999,Mixed,0.443497917662062,True,True,2,8500.0,Core credit,452.42285499999997,404.48285500000003,452.42285499999997,37066.51,547.422855,499.48285500000003,547.422855,True,28,33106,763,108695,False,Core credit,2010
854,0.0,0.0,0.0,Dormant,,False,True,1,0.0,Debit,0.0,0.0,0.0,0.0,0.0,0.0,0.0,False,26,59699,688,71110,False,Debit,2012
1261,0.0,178.689495,178.689495,Debit/prepaid only,0.0,False,True,1,0.0,Debit,178.689495,172.349495,178.689495,47319.99,178.689495,172.349495,178.689495,True,58,68787,527,171854,False,Debit,2003
1227,95.0,590.062145,685.062145,Credit-primary,0.5654527194863339,True,True,4,14600.0,Premium credit,590.062145,474.992145,671.019245,52564.89,685.062145,569.9921449999999,766.019245,True,65,67344,804,7049,False,Premium credit,2007
840,0.0,2505.639265,2505.639265,Credit-primary,0.6694627663046917,True,True,6,17100.0,Premium credit,2505.639265,1985.949265,2513.228905,201586.76,2505.639265,1985.949265,2513.228905,True,68,88432,694,63075,True,Debit,2001
733,0.0,1328.017515,1328.017515,Credit-primary,0.5677817364469786,True,True,4,13400.0,Premium credit,1328.017515,865.407515,1328.017515,117862.28,1328.017515,865.407515,1328.017515,True,36,53138,606,153374,True,Premium credit,2004
454,0.0,0.0,0.0,Dormant,,False,True,4,0.0,Debit,0.0,0.0,0.0,0.0,0.0,0.0,0.0,False,88,38523,751,49,False,Debit,2005
961,0.0,734.094845,734.094845,Credit-primary,0.5331571269394023,True,True,3,18300.0,Premium credit,734.094845,733.294845,734.094845,65820.54000000001,734.094845,733.294845,734.094845,True,76,26660,721,28332,False,Premium credit,2005
768,0.0,0.0,0.0,Dormant,,False,True,1,0.0,Debit,0.0,0.0,0.0,0.0,0.0,0.0,0.0,False,53,69412,620,177225,False,Debit,2008
78,0.0,0.0,0.0,Dormant,,False,False,1,0.0,Prepaid,0.0,0.0,0.0,0.0,0.0,0.0,0.0,True,37,25205,688,65179,False,Prepaid,2007
1334,0.0,282.14248499999997,282.14248499999997,Credit-primary,0.5022013164704385,True,True,4,14400.0,Premium credit,282.14248499999997,275.042485,282.14248499999997,25003.22,282.14248499999997,275.042485,282.14248499999997,True,38,39627,718,47793,False,Premium credit,2004
1610,0.0,386.35113,386.35113,Mixed,0.4001745229000491,True,True,2,6600.0,Core credit,386.35113,259.16113,386.35113,32064.56,386.35113,259.16113,386.35113,True,42,27967,690,50159,False,Core credit,2007
108,0.0,0.0,0.0,Dormant,,False,True,3,0.0,Debit,0.0,0.0,0.0,0.0,0.0,0.0,0.0,False,50,38142,768,0,False,Debit,2008
1308,0.0,0.0,0.0,Dormant,,True,False,1,14800.0,Premium credit,0.0,0.0,0.0,0.0,0.0,0.0,0.0,False,36,58964,619,71890,False,Premium credit,2002
780,0.0,0.0,0.0,Debit/prepaid only,0.0,False,False,1,0.0,Prepaid,0.0,0.0,181.77354,27614.079999999998,0.0,0.0,181.77354,True,74,58378,652,73124,False,Prepaid,2010
1340,190.0,2450.4920999999995,2640.4920999999995,Credit-primary,0.6434275977493213,True,True,5,13300.0,Premium credit,2450.4921,2377.6121,2488.17331,198434.37,2640.4921,2567.6121,2678.17331,True,53,53872,691,64269,True,Debit,2004
1888,0.0,652.1835199999999,652.1835199999999,Debit/prepaid only,0.0,False,True,3,0.0,Debit,652.18352,643.97352,652.18352,221893.04,652.18352,643.97352,652.18352,True,75,41513,748,15899,False,Debit,2003
247,0.0,1290.644645,1290.644645,Credit-primary,0.6084730421737367,True,True,6,16700.0,Premium credit,1290.6446449999999,1266.594645,1290.6446449999999,108891.94,1290.6446449999999,1266.594645,1290.6446449999999,True,49,54587,761,69070,True,Debit,2005
915,0.0,0.0,0.0,Dormant,,False,True,1,0.0,Debit,0.0,0.0,0.0,0.0,0.0,0.0,0.0,False,44,44953,728,97076,False,Debit,2006
1927,0.0,0.0,0.0,Dormant,,False,True,1,0.0,Debit,0.0,0.0,0.0,0.0,0.0,0.0,0.0,False,28,35199,739,68569,False,Debit,2011
1208,0.0,235.37309,235.37309,Debit/prepaid only,0.0,False,True,3,0.0,Debit,235.37309,225.43309,235.37309,35754.18,235.37309,225.43309,235.37309,True,38,33387,526,69066,False,Debit,2003
1382,95.0,676.6875699999999,771.6875699999999,Mixed,0.4339206100238424,True,True,4,9000.0,Core credit,676.6875699999999,653.84757,676.6875699999999,82231.54,771.6875699999999,748.84757,771.6875699999999,True,58,25883,706,44404,False,Debit,2003
1217,0.0,573.1587599999999,573.1587599999999,Credit-primary,0.585848927315456,True,True,3,15500.0,Premium credit,573.15876,563.83876,573.15876,51223.82,573.15876,563.83876,573.15876,True,59,44992,785,53368,False,Debit,1996
514,0.0,504.08457,504.08457,Mixed,0.4851230492358485,True,True,4,8500.0,Core credit,504.08457,501.56457,504.08457,42713.39,504.08457,501.56457,504.08457,True,58,32295,698,72357,False,Debit,1999
232,0.0,0.0,0.0,Dormant,,False,True,3,0.0,Debit,0.0,0.0,0.0,0.0,0.0,0.0,0.0,False,57,69159,786,135111,False,Prepaid,2009
445,0.0,0.0,0.0,Dormant,,False,True,1,0.0,Debit,0.0,0.0,0.0,0.0,0.0,0.0,0.0,False,42,12643,645,19299,False,Debit,2006
1206,0.0,0.0,0.0,Dormant,,True,True,2,17400.0,Premium credit,0.0,0.0,0.0,0.0,0.0,0.0,0.0,False,34,87030,727,161964,False,Premium credit,2009
1276,0.0,548.52681,548.52681,Credit-primary,0.6702541842100675,True,True,5,19000.0,Premium credit,548.52681,499.54681,548.52681,41879.47,548.52681,499.54681,548.52681,True,82,41793,730,1141,False,Premium credit,1998
875,0.0,235.97642,235.97642,Credit-primary,0.7188697303425297,True,False,2,14300.0,Premium credit,235.97642,235.97642,235.97642,19705.739999999998,235.97642,235.97642,235.97642,True,39,41907,728,87163,False,Premium credit,2009
1546,0.0,347.12431,347.12431,Mixed,0.4843380292874972,True,True,4,6400.0,Core credit,347.12431,345.68431,347.12431,33244.22,347.12431,345.68431,347.12431,True,48,40336,668,144284,False,Core credit,2007
519,0.0,143.66792,143.66792,Debit/prepaid only,0.0,False,True,4,0.0,Debit,143.66792,143.66792,204.876575,25917.15,143.66792,143.66792,204.876575,True,57,39508,770,18870,False,Debit,2008
1408,0.0,0.0,0.0,Dormant,,False,True,2,0.0,Debit,0.0,0.0,0.0,0.0,0.0,0.0,0.0,False,42,24859,683,43986,False,Debit,2004
1204,0.0,154.22952999999998,154.22952999999998,Debit/prepaid only,0.0,False,True,2,0.0,Debit,154.22953,148.01953,154.22953,43553.06,154.22953,148.01953,154.22953,True,42,69440,743,129944,False,Debit,2007
1133,0.0,129.341475,129.341475,Debit/prepaid only,0.0,False,True,3,0.0,Debit,129.341475,118.201475,197.377625,32210.25,129.341475,118.201475,197.377625,True,30,46599,684,12700,False,Debit,2008
710,0.0,0.0,0.0,Dormant,,True,True,3,1300.0,Core credit,0.0,0.0,0.0,0.0,0.0,0.0,0.0,False,60,52397,729,72810,False,Prepaid,2008
582,0.0,598.5244799999999,598.5244799999999,Credit-primary,1.0,True,True,3,12500.0,Premium credit,598.52448,531.92448,598.52448,37721.36,598.52448,531.92448,598.52448,True,53,39222,583,66559,False,Debit,1999
821,95.0,243.106335,338.106335,Credit-primary,0.5111189290736574,True,True,2,3900.0,Core credit,243.106335,243.106335,243.106335,20153.02,338.106335,338.106335,338.106335,True,73,18015,645,10463,False,Debit,2007
1352,0.0,117.579645,117.579645,Debit/prepaid only,0.0,False,True,3,0.0,Debit,117.579645,114.659645,117.579645,26553.29,117.579645,114.659645,117.579645,True,65,42102,672,9645,False,Debit,1998
831,0.0,371.90316499999994,371.90316499999994,Mixed,0.4952836752488758,True,True,2,8300.0,Core credit,371.903165,316.903165,371.903165,35644.28,371.903165,316.903165,371.903165,True,36,37316,726,37515,False,Core credit,2005
578,0.0,0.0,0.0,Dormant,,False,True,1,0.0,Debit,0.0,0.0,0.0,0.0,0.0,0.0,0.0,False,75,20797,777,10127,False,Debit,2006
1997,95.0,825.5773149999999,920.577315,Credit-primary,0.6554100734542725,True,True,7,25600.0,Premium credit,825.577315,756.7573150000001,825.577315,64527.22,920.577315,851.7573150000001,920.577315,True,76,38800,758,25867,False,Premium credit,2003
258,0.0,0.0,0.0,Dormant,,False,True,2,0.0,Debit,0.0,0.0,0.0,0.0,0.0,0.0,0.0,False,51,29622,694,17385,False,Debit,2017
851,0.0,516.9691799999999,516.9691799999999,Credit-primary,1.0,True,True,4,8900.0,Core credit,516.9691799999999,441.00918,516.9691799999999,31680.510000000002,516.9691799999999,441.00918,516.9691799999999,True,88,31399,757,2528,False,Debit,2006
1951,95.0,0.0,95.0,Dormant,,True,True,5,16000.0,Premium credit,0.0,0.0,0.0,0.0,95.0,95.0,95.0,False,48,63355,708,0,False,Premium credit,2005
1897,0.0,315.07249,315.07249,Debit/prepaid only,0.0,False,True,2,0.0,Debit,315.07249,300.45249,315.07249,66344.98,315.07249,300.45249,315.07249,True,38,104049,741,247623,False,Debit,2001
972,0.0,655.1481299999999,655.1481299999999,Mixed,0.4955521238304656,True,True,4,16800.0,Premium credit,655.14813,635.22813,655.14813,79344.61,655.14813,635.22813,655.14813,True,35,50177,681,101323,False,Debit,2005
1010,0.0,0.0,0.0,Dormant,,False,True,1,0.0,Debit,0.0,0.0,0.0,0.0,0.0,0.0,0.0,False,40,34344,548,48931,False,Debit,2005
1243,0.0,771.646135,771.646135,Credit-primary,0.5876684088328025,True,True,4,7300.0,Core credit,771.646135,747.596135,771.646135,69404.02,771.646135,747.596135,771.646135,True,31,34884,705,26799,False,Debit,2009
1976,0.0,239.05050999999995,239.05050999999995,Debit/prepaid only,0.0,False,True,4,0.0,Debit,239.05051,238.20051,284.656215,79668.43,239.05051,238.20051,284.656215,True,33,56897,699,0,False,Debit,2009
91,0.0,0.0,0.0,Dormant,,True,False,1,19100.0,Premium credit,0.0,0.0,0.0,0.0,0.0,0.0,0.0,False,38,72647,739,90579,False,Premium credit,2018
1606,0.0,121.312935,121.312935,Debit/prepaid only,0.0,False,True,1,0.0,Debit,121.312935,117.58293499999999,121.312935,47177.87,121.312935,117.58293499999999,121.312935,True,49,51755,806,88605,False,Debit,1996
1201,0.0,182.19307,182.19307,Debit/prepaid only,0.0,False,True,4,0.0,Debit,182.19307,174.26307,182.19307,75762.14,182.19307,174.26307,182.19307,True,60,115465,715,195657,False,Debit,2000
1317,0.0,288.34547999999995,288.34547999999995,Mixed,0.4817735673280396,True,True,3,6300.0,Core credit,288.34548,284.28548,288.34548,23765.21,288.34548,284.28548,288.34548,True,41,30910,749,42507,False,Debit,2003
1311,0.0,0.0,0.0,Dormant,,True,False,1,14000.0,Premium credit,0.0,0.0,0.0,0.0,0.0,0.0,0.0,False,27,43264,729,89798,False,Premium credit,2011
662,0.0,188.613725,188.613725,Debit/prepaid only,0.0,False,True,2,0.0,Debit,188.613725,182.823725,342.93361999999996,81172.24,188.613725,182.823725,342.93361999999996,True,32,85694,822,120733,False,Debit,2010
847,0.0,765.87264,765.87264,Credit-primary,0.6553641589962373,True,True,6,9700.0,Core credit,765.87264,313.71264,902.8684450000001,68915.09,765.87264,313.71264,902.8684450000001,True,81,27864,591,1371,False,Prepaid,2001
617,0.0,0.0,0.0,Dormant,,False,True,1,0.0,Debit,0.0,0.0,0.0,0.0,0.0,0.0,0.0,False,27,58026,691,133169,False,Debit,2016
280,95.0,590.7442,685.7442,Mixed,0.4674390456823163,True,True,5,13600.0,Premium credit,590.7442,562.4042000000001,590.7442,59280.05,685.7442,657.4042000000001,685.7442,True,40,44585,684,81825,False,Debit,2002
1473,0.0,151.62954000000002,151.62954000000002,Debit/prepaid only,0.0,False,True,2,0.0,Debit,151.62954,151.62954,151.62954,28972.08,151.62954,151.62954,151.62954,True,51,41427,850,53773,False,Debit,2008
65,0.0,200.178675,200.178675,Debit/prepaid only,0.0,False,True,2,0.0,Debit,200.178675,195.768675,200.178675,38430.35,200.178675,195.768675,200.178675,True,51,34517,645,74143,False,Debit,2005
1353,95.0,397.42852,492.42852,Credit-primary,0.58419489220521,True,True,4,12800.0,Premium credit,397.42852,382.47852,397.42852,34065.19,492.42852,477.47852,492.42852,True,50,43294,816,104521,False,Debit,1999
1670,0.0,590.84555,590.84555,Credit-primary,0.6668465737764236,True,True,3,15100.0,Premium credit,590.84555,526.89555,590.84555,47672.75,590.84555,526.89555,590.84555,True,68,50184,732,27778,False,Debit,2004
1776,95.0,2423.8971,2518.8971,Credit-primary,1.0,True,False,2,13400.0,Premium credit,2423.8971,2393.2971,2423.8971,186360.94999999998,2518.8971,2488.2971,2518.8971,True,47,43133,693,44263,True,Premium credit,1999
951,95.0,441.23598,536.2359799999999,Credit-primary,1.0,True,True,4,11000.0,Premium credit,441.23598,398.03598,441.23598,29089.11,536.2359799999999,493.03598,536.2359799999999,True,57,26664,709,12241,False,Prepaid,2002
1818,0.0,432.67828,432.67828,Debit/prepaid only,0.0,False,True,3,0.0,Debit,432.67828,417.86827999999997,432.67828,98708.76,432.67828,417.86827999999997,432.67828,True,85,41843,500,1741,False,Debit,2009
1789,0.0,236.69578,236.69578,Debit/prepaid only,0.0,False,True,2,0.0,Debit,236.69577999999998,231.42577999999997,236.69577999999998,42994.56,236.69577999999998,231.42577999999997,236.69577999999998,True,40,38527,684,36933,False,Debit,2008
767,0.0,0.0,0.0,Dormant,,False,True,2,0.0,Debit,0.0,0.0,0.0,0.0,0.0,0.0,0.0,False,32,36729,686,48624,False,Debit,2006
678,0.0,226.28213499999995,226.28213499999995,Mixed,0.450966941393397,True,True,3,8600.0,Core credit,226.28213499999998,218.692135,226.28213499999998,20131.52,226.28213499999998,218.692135,226.28213499999998,True,63,29477,850,56355,False,Core credit,2010
471,0.0,0.0,0.0,Dormant,,True,True,3,22000.0,Premium credit,0.0,0.0,0.0,0.0,0.0,0.0,0.0,False,52,71645,629,155006,False,Debit,1997
757,0.0,239.93186,239.93186,Debit/prepaid only,0.0,False,True,4,0.0,Debit,239.93186,153.07186,239.93186,61355.72,239.93186,153.07186,239.93186,True,62,46232,691,68957,False,Debit,2006
1603,0.0,317.01849999999996,317.01849999999996,Mixed,0.3569848382369518,True,True,3,11200.0,Premium credit,317.01849999999996,300.5485,392.75888499999996,38322.72,317.01849999999996,300.5485,392.75888499999996,True,41,38812,762,16331,False,Premium credit,2007
808,0.0,281.601945,281.601945,Debit/prepaid only,0.0,False,True,2,0.0,Debit,281.601945,280.231945,281.601945,90781.89,281.601945,280.231945,281.601945,True,38,36045,683,0,False,Debit,2011
1326,0.0,171.491525,171.491525,Debit/prepaid only,0.0,False,True,2,0.0,Debit,171.491525,168.261525,171.491525,44996.05,171.491525,168.261525,171.491525,True,52,66489,731,83828,False,Debit,2005
158,0.0,0.0,0.0,Dormant,,False,True,1,0.0,Debit,0.0,0.0,0.0,0.0,0.0,0.0,0.0,False,31,41475,747,0,False,Debit,2010
1928,0.0,561.773975,561.773975,Credit-primary,0.5496547345620226,True,True,4,14800.0,Premium credit,561.773975,502.913975,589.21505,53553.0,561.773975,502.913975,589.21505,True,56,55682,750,82696,False,Debit,1998
1575,0.0,535.77901,535.77901,Debit/prepaid only,0.0,False,True,4,0.0,Debit,535.77901,446.75901,690.66757,152391.14,535.77901,446.75901,690.66757,True,51,57646,724,127892,False,Debit,2006
1455,71.25,323.20869,394.45869,Credit-primary,0.5160050560531579,True,True,2,8000.0,Core credit,323.20869,314.01869,323.20869,25379.48,394.45869,385.26869,394.45869,True,36,34330,713,15223,False,Core credit,2005
1916,0.0,283.88312999999994,283.88312999999994,Credit-primary,0.5116616672453275,True,True,7,7400.0,Core credit,283.88313,273.94313,320.94284,28773.329999999998,283.88313,273.94313,320.94284,True,82,10142,767,1809,False,Core credit,1994
1617,0.0,0.0,0.0,Dormant,,False,True,1,0.0,Debit,0.0,0.0,0.0,0.0,0.0,0.0,0.0,True,30,76867,659,118029,False,Debit,2008
1176,190.0,375.6269999999999,565.627,Debit/prepaid only,0.0,True,True,3,21700.0,Premium credit,375.62699999999995,362.567,375.62699999999995,76155.0,565.627,552.567,565.627,True,39,57348,527,119230,False,Debit,2004
1194,0.0,630.298815,630.298815,Mixed,0.4433591468806834,True,True,3,14100.0,Premium credit,630.298815,585.318815,630.298815,57535.68,630.298815,585.318815,630.298815,True,49,38041,782,27813,False,Premium credit,2006
580,0.0,386.0960199999999,386.0960199999999,Debit/prepaid only,0.0,True,True,3,12400.0,Premium credit,386.09601999999995,379.93602,386.09601999999995,60021.04,386.09601999999995,379.93602,386.09601999999995,True,35,36857,768,3112,False,Premium credit,2008
4,95.0,333.40007,428.40007,Debit/prepaid only,0.0,True,True,5,19300.0,Premium credit,333.40006999999997,325.39007,333.40006999999997,65249.14,428.40006999999997,420.39007,428.40006999999997,True,54,76431,716,115362,False,Debit,2003
530,0.0,294.64614499999993,294.64614499999993,Debit/prepaid only,0.0,False,True,5,0.0,Debit,294.646145,290.466145,294.646145,30083.29,294.646145,290.466145,294.646145,True,78,18100,682,0,False,Debit,2007
1826,0.0,0.0,0.0,Debit/prepaid only,0.0,False,False,1,0.0,Prepaid,0.0,0.0,150.05096999999998,10199.94,0.0,0.0,150.05096999999998,True,45,16628,654,33926,False,Prepaid,2002
595,0.0,113.157715,113.157715,Debit/prepaid only,0.0,False,True,4,0.0,Debit,113.157715,110.747715,113.157715,22320.43,113.157715,110.747715,113.157715,True,79,29041,699,4427,False,Debit,2006
1022,0.0,769.1108999999999,769.1108999999999,Credit-primary,0.5459046996541443,True,True,3,10300.0,Premium credit,769.1109,359.9509,769.1109,68540.15,769.1109,359.9509,769.1109,True,47,35876,635,50190,False,Premium credit,2006
246,0.0,160.64001000000002,160.64001000000002,Debit/prepaid only,0.0,True,True,4,25300.0,Premium credit,160.64001,160.05001,160.64001,67442.02,160.64001,160.05001,160.64001,True,50,82298,791,0,False,Premium credit,2007
1945,95.0,249.553155,344.55315499999995,Credit-primary,0.5062588565323145,True,True,4,9700.0,Core credit,249.553155,240.343155,249.553155,24268.81,344.553155,335.343155,344.553155,True,56,30042,727,9208,False,Debit,2008
1540,0.0,876.35196,876.35196,Credit-primary,0.5859007200259327,True,True,3,13200.0,Premium credit,876.35196,832.07196,1155.3147,91621.7,876.35196,832.07196,1155.3147,True,55,44839,625,63194,False,Debit,2006
409,0.0,0.0,0.0,Dormant,,False,True,3,0.0,Debit,0.0,0.0,0.0,0.0,0.0,0.0,0.0,False,54,29699,711,6569,False,Debit,2010
694,0.0,0.0,0.0,Dormant,,False,True,1,0.0,Debit,0.0,0.0,0.0,0.0,0.0,0.0,0.0,False,29,41836,615,60302,False,Debit,2009
382,0.0,0.0,0.0,Dormant,,True,True,3,8800.0,Core credit,0.0,0.0,0.0,0.0,0.0,0.0,0.0,False,55,23103,681,63635,False,Debit,2004
629,95.0,965.575555,1060.575555,Credit-primary,0.7012400042997156,True,True,5,20900.0,Premium credit,965.575555,930.915555,995.356955,72469.91,1060.575555,1025.915555,1090.356955,True,72,57513,793,11755,True,Premium credit,2007
1211,95.0,411.9056849999999,506.9056849999999,Credit-primary,0.5492273714165989,True,True,4,8200.0,Core credit,411.905685,366.105685,411.905685,34746.32,506.905685,461.105685,506.905685,True,66,38249,746,0,False,Core credit,1998
823,0.0,375.99091,375.99091,Credit-primary,0.5148424982906937,True,True,2,8600.0,Core credit,375.99091,371.39091,375.99091,37061.82,375.99091,371.39091,375.99091,True,41,41496,807,9222,False,Core credit,2004
89,0.0,273.258035,273.258035,Debit/prepaid only,0.0,False,True,4,0.0,Debit,273.258035,263.23803499999997,273.258035,42327.07,273.258035,263.23803499999997,273.258035,True,35,30217,705,23394,False,Debit,2009
888,0.0,96.928405,96.928405,Debit/prepaid only,0.0,False,True,1,0.0,Debit,96.928405,93.958405,96.928405,27860.81,96.928405,93.958405,96.928405,True,53,33566,698,96597,False,Debit,2002
81,0.0,764.4470249999999,764.4470249999999,Credit-primary,0.5420512019476778,True,True,5,13300.0,Premium credit,764.447025,699.497025,764.447025,64979.95,764.447025,699.497025,764.447025,True,66,35560,723,60397,False,Premium credit,2002
826,95.0,513.0982799999999,608.0982799999999,Credit-primary,1.0,True,True,3,19400.0,Premium credit,513.09828,500.13828,513.09828,33548.46,608.09828,595.13828,608.09828,True,67,57705,684,22475,False,Premium credit,2005
87,0.0,478.838125,478.838125,Mixed,0.4406810238167101,True,True,3,6300.0,Core credit,478.838125,384.338125,478.838125,43402.3,478.838125,384.338125,478.838125,True,58,24155,802,2870,False,Prepaid,2002
1833,0.0,229.84451,229.84451,Debit/prepaid only,0.0,False,True,2,0.0,Debit,229.84451,220.26451,229.84451,49691.020000000004,229.84451,220.26451,229.84451,True,27,35026,743,11468,False,Debit,2015
829,0.0,0.0,0.0,Dormant,,True,False,1,8200.0,Core credit,0.0,0.0,0.0,0.0,0.0,0.0,0.0,False,29,36404,726,11745,False,Core credit,2018
1879,95.0,0.0,95.0,Dormant,,True,True,2,4100.0,Core credit,0.0,0.0,0.0,0.0,95.0,95.0,95.0,True,50,38179,609,50559,False,Core credit,2004
236,0.0,178.54634,178.54634,Debit/prepaid only,0.0,False,True,1,0.0,Debit,178.54634,169.59634,178.54634,62623.68,178.54634,169.59634,178.54634,True,36,161276,540,317964,False,Debit,2004
1619,0.0,222.94337,222.94337,Credit-primary,0.5229197291039142,True,True,2,8300.0,Core credit,222.94337000000002,204.20337,222.94337000000002,17456.14,222.94337000000002,204.20337,222.94337000000002,True,31,32086,747,53595,False,Core credit,2008
803,0.0,160.83844,160.83844,Debit/prepaid only,0.0,True,True,3,15300.0,Premium credit,160.83844,153.42844,291.27572,39979.44,160.83844,153.42844,291.27572,True,69,46487,635,57336,False,Premium credit,2001
1686,0.0,2773.0338049999996,2773.0338049999996,Credit-primary,0.6762671149345911,True,True,3,16300.0,Premium credit,2773.033805,2764.3538049999997,2773.033805,214300.41,2773.033805,2764.3538049999997,2773.033805,True,54,61312,708,25355,True,Premium credit,2009
1959,95.0,869.5485,964.5485,Credit-primary,1.0,True,False,1,11100.0,Premium credit,869.5485,837.5085,869.5485,52544.25,964.5485,932.5085,964.5485,True,46,52130,701,80367,False,Premium credit,2006
1342,0.0,0.0,0.0,Dormant,,False,False,1,0.0,Prepaid,0.0,0.0,0.0,0.0,0.0,0.0,0.0,False,27,40744,717,50803,False,Prepaid,2011
1371,0.0,460.9003249999999,460.9003249999999,Credit-primary,0.5302485317123704,True,True,6,17300.0,Premium credit,460.900325,448.800325,503.512335,37087.42,460.900325,448.800325,503.512335,True,86,49529,689,1385,False,Premium credit,2004
1067,0.0,774.9295199999999,774.9295199999999,Credit-primary,1.0,True,True,4,11200.0,Premium credit,774.92952,753.32952,774.92952,49957.64,774.92952,753.32952,774.92952,True,76,41790,719,24676,False,Premium credit,2005
1019,0.0,631.229645,631.229645,Credit-primary,0.5540090755696093,True,True,4,7300.0,Core credit,631.229645,619.549645,631.229645,55317.74,631.229645,619.549645,631.229645,True,81,29928,713,2028,False,Core credit,2008
1568,0.0,641.7933899999999,641.7933899999999,Credit-primary,0.5517633390426495,True,True,3,13000.0,Premium credit,641.79339,627.09339,641.79339,57642.63,641.79339,627.09339,641.79339,True,47,42976,748,58765,False,Debit,2000
1765,0.0,853.4048399999999,853.4048399999999,Credit-primary,1.0,True,True,3,7500.0,Core credit,853.40484,744.32484,853.40484,51643.38,853.40484,744.32484,853.40484,True,40,32126,770,56283,False,Debit,2006
1875,0.0,175.741755,175.741755,Debit/prepaid only,0.0,True,True,4,10400.0,Premium credit,175.74175499999998,169.681755,175.74175499999998,46838.51,175.74175499999998,169.681755,175.74175499999998,True,56,45202,683,71022,False,Debit,2001
189,0.0,0.0,0.0,Dormant,,True,True,4,11700.0,Premium credit,0.0,0.0,0.0,0.0,0.0,0.0,0.0,False,42,52165,730,97248,False,Premium credit,2004
466,0.0,0.0,0.0,Dormant,,True,True,3,7700.0,Core credit,0.0,0.0,0.0,0.0,0.0,0.0,0.0,False,58,29519,643,45597,False,Core credit,2006
659,0.0,532.25925,532.25925,Mixed,0.4990741248304294,True,True,6,10500.0,Premium credit,532.25925,498.14925,582.81392,49072.49,532.25925,498.14925,582.81392,True,57,32583,812,12501,False,Prepaid,2007
942,95.0,795.847345,890.847345,Credit-primary,0.540891558226377,True,True,4,20800.0,Premium credit,795.847345,762.717345,795.847345,71881.34,890.847345,857.717345,890.847345,True,37,59139,742,128870,False,Debit,2002
1234,0.0,0.0,0.0,Debit/prepaid only,0.0,False,False,1,0.0,Prepaid,0.0,0.0,288.53833,24278.66,0.0,0.0,288.53833,True,44,62185,749,114235,False,Prepaid,2001
1056,0.0,0.0,0.0,Dormant,,False,True,1,0.0,Debit,0.0,0.0,0.0,0.0,0.0,0.0,0.0,False,24,52036,703,26232,False,Debit,2014
345,0.0,513.00684,513.00684,Credit-primary,1.0,True,False,1,7900.0,Core credit,513.00684,483.48684000000003,513.00684,31216.38,513.00684,483.48684000000003,513.00684,True,33,35499,724,80517,False,Core credit,2009
308,0.0,0.0,0.0,Dormant,,True,False,2,7400.0,Core credit,0.0,0.0,0.0,0.0,0.0,0.0,0.0,False,44,31015,737,103094,False,Core credit,2006
1922,0.0,0.0,0.0,Dormant,,False,False,1,0.0,Prepaid,0.0,0.0,0.0,0.0,0.0,0.0,0.0,False,79,53222,640,23051,False,Prepaid,2001
1156,0.0,1371.80605,1371.80605,Credit-primary,0.6249016306782356,True,True,5,61100.0,Premium credit,1371.8060500000001,1281.24605,1371.8060500000001,117757.75,1371.8060500000001,1281.24605,1371.8060500000001,True,56,280199,752,91367,True,Premium credit,1999
561,0.0,410.28648,410.28648,Mixed,0.4923649619019731,True,True,5,9100.0,Core credit,410.28648,382.76648,451.132645,38554.49,410.28648,382.76648,451.132645,True,48,36853,834,112139,False,Core credit,2005
1522,0.0,0.0,0.0,Dormant,,True,False,3,23000.0,Premium credit,0.0,0.0,0.0,0.0,0.0,0.0,0.0,False,88,31828,593,3777,False,Premium credit,2010
695,0.0,0.0,0.0,Dormant,,False,True,1,0.0,Debit,0.0,0.0,0.0,0.0,0.0,0.0,0.0,False,49,71866,662,132580,False,Debit,2008
285,0.0,1805.31561,1805.31561,Credit-primary,0.5250834963306344,True,True,5,12000.0,Premium credit,1805.3156099999999,608.6156100000001,1960.7858449999999,166776.79,1805.3156099999999,608.6156100000001,1960.7858449999999,True,62,34496,731,33122,True,Core credit,1991
113,95.0,656.7803199999998,751.7803199999998,Credit-primary,0.6834844667977028,True,True,5,14400.0,Premium credit,656.78032,637.52032,656.78032,50072.74,751.78032,732.52032,751.78032,True,74,39003,788,10793,False,Debit,2002
1039,0.0,689.21237,689.21237,Mixed,0.4683378149311087,True,True,4,4900.0,Core credit,689.21237,427.23237,689.21237,58539.39,689.21237,427.23237,689.21237,True,68,11566,536,9102,False,Debit,1998
176,0.0,275.102045,275.102045,Debit/prepaid only,0.0,False,True,4,0.0,Debit,275.102045,261.162045,331.12058,66295.16,275.102045,261.162045,331.12058,True,45,52172,667,66085,False,Debit,1999
1104,0.0,831.5249299999998,831.5249299999998,Credit-primary,0.5200643567256518,True,True,6,11400.0,Premium credit,831.52493,826.30493,831.52493,74596.71,831.52493,826.30493,831.52493,True,91,40141,850,805,False,Debit,2000
946,0.0,518.236725,518.236725,Credit-primary,0.6091295852480022,True,True,4,10600.0,Premium credit,518.236725,491.166725,518.236725,35149.68,518.236725,491.166725,518.236725,True,48,39733,781,79302,False,Debit,1994
1465,95.0,0.0,95.0,Dormant,,True,True,2,10700.0,Premium credit,0.0,0.0,0.0,0.0,95.0,95.0,95.0,False,29,51651,801,22705,False,Debit,2009
571,95.0,330.58869000000004,425.58869,Debit/prepaid only,0.0,True,True,4,7200.0,Core credit,330.58869,324.04868999999997,330.58869,55969.380000000005,425.58869,419.04868999999997,425.58869,True,42,36711,739,84949,False,Debit,2009
1074,0.0,343.57617000000005,343.57617000000005,Credit-primary,0.5766788656990397,True,True,5,9700.0,Core credit,343.57617,338.09617000000003,343.57617,30136.27,343.57617,338.09617000000003,343.57617,True,62,32819,826,25393,False,Debit,2002
214,0.0,0.0,0.0,Dormant,,True,False,1,0.0,Core credit,0.0,0.0,0.0,0.0,0.0,0.0,0.0,False,30,47803,652,81929,False,Core credit,2012
771,0.0,99.668045,99.668045,Debit/prepaid only,0.0,False,True,3,0.0,Debit,99.66804499999999,83.598045,117.70297,33402.94,99.66804499999999,83.598045,117.70297,True,44,38661,765,88636,False,Debit,2003
520,95.0,512.14068,607.14068,Credit-primary,0.5981541002837737,True,True,5,13300.0,Premium credit,512.14068,487.94068,512.14068,43781.36,607.14068,582.9406799999999,607.14068,True,45,57658,766,74288,False,Debit,2001
288,0.0,0.0,0.0,Dormant,,True,True,3,6500.0,Core credit,0.0,0.0,0.0,0.0,0.0,0.0,0.0,False,45,22249,789,20420,False,Core credit,2006
1979,0.0,110.84492,110.84492,Debit/prepaid only,0.0,True,True,3,14200.0,Premium credit,110.84492,105.34492,110.84492,38738.840000000004,110.84492,105.34492,110.84492,True,38,64647,738,58250,False,Debit,2001
1253,0.0,456.598745,456.598745,Debit/prepaid only,0.0,False,True,4,0.0,Debit,456.598745,450.27874499999996,456.598745,117767.49,456.598745,450.27874499999996,456.598745,True,32,58749,768,113308,False,Debit,2008
311,95.0,382.1067,477.1067,Credit-primary,1.0,True,True,4,6600.0,Core credit,382.1067,278.7867,382.1067,24652.15,477.1067,373.7867,477.1067,True,46,29510,752,47153,False,Debit,1999
1346,0.0,0.0,0.0,Dormant,,True,False,1,1500.0,Core credit,0.0,0.0,0.0,0.0,0.0,0.0,0.0,False,53,36672,655,99454,False,Core credit,2005
1622,0.0,229.00872,229.00872,Debit/prepaid only,0.0,False,True,1,0.0,Debit,229.00871999999998,227.18872,229.00871999999998,58133.44,229.00871999999998,227.18872,229.00871999999998,True,41,79271,759,211919,False,Debit,2005
852,95.0,834.6367349999999,929.636735,Credit-primary,0.7028895010538841,True,True,3,10300.0,Premium credit,834.6367349999999,819.066735,834.6367349999999,84269.22,929.6367349999999,914.066735,929.6367349999999,True,35,40156,738,70128,False,Premium credit,2006
1394,0.0,689.4554999999999,689.4554999999999,Credit-primary,0.5823832294977633,True,True,3,8500.0,Core credit,689.4555,675.6455,689.4555,54758.05,689.4555,675.6455,689.4555,True,30,57853,558,131828,False,Debit,2010
957,95.0,766.06112,861.06112,Credit-primary,0.5950512148040344,True,True,3,7100.0,Core credit,766.06112,696.81112,766.06112,63325.44,861.06112,791.81112,861.06112,True,73,37789,605,24575,False,Debit,2003
515,0.0,200.356165,200.356165,Debit/prepaid only,0.0,False,True,4,0.0,Debit,200.356165,187.766165,200.356165,23890.33,200.356165,187.766165,200.356165,True,61,41865,676,60911,False,Debit,2002
1303,0.0,461.64501499999994,461.64501499999994,Credit-primary,0.6757704498834288,True,True,6,18900.0,Premium credit,461.645015,456.535015,461.645015,37839.58,461.645015,456.535015,461.645015,True,66,61937,684,138153,False,Debit,2002
1287,0.0,0.0,0.0,Dormant,,False,True,1,0.0,Debit,0.0,0.0,0.0,0.0,0.0,0.0,0.0,False,32,32274,545,72974,False,Debit,2006
296,95.0,0.0,95.0,Dormant,,True,False,3,20300.0,Premium credit,0.0,0.0,0.0,0.0,95.0,95.0,95.0,False,48,75785,814,117920,False,Core credit,1999
1059,0.0,0.0,0.0,Dormant,,True,True,2,11700.0,Premium credit,0.0,0.0,0.0,0.0,0.0,0.0,0.0,False,50,45560,644,79660,False,Debit,2010
1378,190.0,605.72178,795.72178,Mixed,0.4627071816050582,True,True,4,10100.0,Premium credit,605.72178,432.74178,605.72178,57922.01,795.72178,622.7417800000001,795.72178,True,46,40810,614,65643,False,Premium credit,2007
1297,0.0,0.0,0.0,Dormant,,True,True,3,14200.0,Premium credit,0.0,0.0,0.0,0.0,0.0,0.0,0.0,False,58,38371,703,50530,False,Debit,2010
1727,0.0,428.67189,428.67189,Debit/prepaid only,0.0,False,True,6,0.0,Debit,428.67188999999996,419.46189,549.7692049999999,127862.41,428.67188999999996,419.46189,549.7692049999999,True,46,48762,771,143208,False,Debit,2006
673,0.0,0.0,0.0,Dormant,,True,True,3,12800.0,Premium credit,0.0,0.0,0.0,0.0,0.0,0.0,0.0,False,48,39124,722,66231,False,Debit,2000
1283,95.0,759.83481,854.83481,Credit-primary,0.5587344020504659,True,True,4,19500.0,Premium credit,759.83481,730.10481,759.83481,70048.47,854.83481,825.10481,854.83481,True,50,63673,591,147913,False,Premium credit,2005
1239,0.0,504.51135,504.51135,Credit-primary,0.5383150715843843,True,True,3,9600.0,Core credit,504.51135,455.11135,504.51135,39883.0,504.51135,455.11135,504.51135,True,34,38081,811,28613,False,Core credit,2004
1078,0.0,268.30145999999996,268.30145999999996,Debit/prepaid only,0.0,False,True,2,0.0,Debit,268.30145999999996,267.11145999999997,268.30145999999996,73941.92,268.30145999999996,267.11145999999997,268.30145999999996,True,56,57576,589,161107,False,Debit,2007
124,0.0,214.59746,214.59746,Debit/prepaid only,0.0,False,True,4,0.0,Debit,214.59746,207.42746,214.59746,26959.920000000002,214.59746,207.42746,214.59746,True,31,34311,680,6971,False,Debit,2010
99,0.0,0.0,0.0,Dormant,,True,True,3,18800.0,Premium credit,0.0,0.0,0.0,0.0,0.0,0.0,0.0,False,63,54095,753,76109,False,Debit,2001
1722,0.0,0.0,0.0,Dormant,,True,False,1,3900.0,Core credit,0.0,0.0,0.0,0.0,0.0,0.0,0.0,False,24,24648,600,32962,False,Core credit,2014
750,0.0,70.70978,70.70978,Debit/prepaid only,0.0,False,True,2,0.0,Debit,70.70978,66.23978,112.934255,25851.510000000002,70.70978,66.23978,112.934255,True,61,30165,694,36972,False,Debit,2003
1223,0.0,103.847905,103.847905,Debit/prepaid only,0.0,False,True,2,0.0,Debit,103.847905,103.847905,103.847905,61159.81,103.847905,103.847905,103.847905,True,53,189490,717,448929,False,Debit,2004
575,0.0,445.76398,445.76398,Credit-primary,0.5161551834779808,True,True,5,17000.0,Premium credit,445.76398,428.69398,445.76398,40718.51,445.76398,428.69398,445.76398,True,84,26476,813,406,False,Premium credit,2001
428,95.0,985.91742,1080.91742,Credit-primary,1.0,True,False,2,14300.0,Premium credit,985.91742,936.95742,985.91742,57857.19,1080.91742,1031.95742,1080.91742,True,39,56486,689,116394,True,Premium credit,2008
828,95.0,1029.43638,1124.43638,Credit-primary,1.0,True,False,3,9500.0,Core credit,1029.43638,948.43638,1029.43638,64481.11,1124.43638,1043.43638,1124.43638,True,59,35906,659,69819,True,Core credit,2006
846,95.0,1445.3794799999998,1540.3794799999998,Credit-primary,1.0,True,False,3,18400.0,Premium credit,1445.37948,1445.37948,1445.37948,86187.86,1540.37948,1540.37948,1540.37948,True,48,67761,745,0,True,Core credit,2009
666,0.0,0.0,0.0,Dormant,,False,True,1,0.0,Debit,0.0,0.0,0.0,0.0,0.0,0.0,0.0,False,57,36282,725,14141,False,Debit,2010
335,0.0,248.13158,248.13158,Debit/prepaid only,0.0,False,True,3,0.0,Debit,248.13157999999999,239.09158,248.13157999999999,70383.16,248.13157999999999,239.09158,248.13157999999999,True,46,56467,688,66565,False,Debit,2008
639,0.0,792.4061099999999,792.4061099999999,Credit-primary,0.5145720698768079,True,True,4,12400.0,Premium credit,792.40611,702.92611,792.40611,57864.12,792.40611,702.92611,792.40611,True,55,37645,654,46298,False,Debit,2004
386,0.0,382.19457,382.19457,Debit/prepaid only,0.0,False,True,1,0.0,Debit,382.19457,373.39457,382.19457,86519.14,382.19457,373.39457,382.19457,True,48,49967,655,62509,False,Debit,2002
1860,0.0,0.0,0.0,Dormant,,False,False,1,0.0,Prepaid,0.0,0.0,0.0,0.0,0.0,0.0,0.0,False,33,35213,719,87653,False,Prepaid,2008
581,0.0,173.84689,173.84689,Debit/prepaid only,0.0,False,True,3,0.0,Debit,173.84689,164.10689,173.84689,29602.78,173.84689,164.10689,173.84689,True,48,29962,684,55000,False,Debit,2003
1910,0.0,351.773665,351.773665,Debit/prepaid only,0.0,False,True,4,0.0,Debit,351.773665,344.073665,423.11981499999996,65620.63,351.773665,344.073665,423.11981499999996,True,49,35868,562,48465,False,Prepaid,2002
731,0.0,111.12518,111.12518,Debit/prepaid only,0.0,False,True,1,0.0,Debit,111.12518,96.86518,111.12518,37544.36,111.12518,96.86518,111.12518,True,31,38193,703,39874,False,Debit,2011
21,0.0,117.45155499999998,117.45155499999998,Debit/prepaid only,0.0,False,True,3,0.0,Debit,117.451555,106.041555,188.37869,38962.380000000005,117.451555,106.041555,188.37869,True,48,43084,850,0,False,Debit,2007
273,0.0,838.9584,838.9584,Credit-primary,1.0,True,False,1,14600.0,Premium credit,838.9584,761.5584,838.9584,51799.8,838.9584,761.5584,838.9584,True,42,37415,665,66403,False,Premium credit,2002
63,0.0,269.68277,269.68277,Debit/prepaid only,0.0,False,True,5,0.0,Debit,269.68277,265.27277,334.14898999999997,37454.98,269.68277,265.27277,334.14898999999997,True,40,35418,660,51741,False,Debit,1999
103,0.0,259.602935,259.602935,Mixed,0.4783303815117057,True,True,5,8500.0,Core credit,259.602935,228.732935,259.602935,24837.77,259.602935,228.732935,259.602935,True,41,34774,850,78060,False,Debit,1999
1193,0.0,280.567335,280.567335,Debit/prepaid only,0.0,False,True,5,0.0,Debit,280.567335,272.767335,280.567335,41103.67,280.567335,272.767335,280.567335,True,90,51717,717,418,False,Debit,2003
585,0.0,308.94734,308.94734,Debit/prepaid only,0.0,False,True,1,0.0,Debit,308.94734,301.63734,308.94734,47072.68,308.94734,301.63734,308.94734,True,52,41483,584,64715,False,Debit,2007
1958,0.0,342.730635,342.730635,Mixed,0.489372676843541,True,True,5,13100.0,Premium credit,342.730635,336.280635,385.110385,32434.32,342.730635,336.280635,385.110385,True,51,37346,680,64030,False,Debit,2000
744,285.0,394.169975,679.169975,Mixed,0.476548914301588,True,True,5,20400.0,Premium credit,394.16997499999997,338.209975,394.16997499999997,32398.5,679.169975,623.209975,679.169975,True,58,44699,842,21685,False,Core credit,2004
1836,0.0,0.0,0.0,Dormant,,True,False,1,4600.0,Core credit,0.0,0.0,0.0,0.0,0.0,0.0,0.0,False,35,17316,748,26872,False,Core credit,2004
477,0.0,750.8993399999999,750.8993399999999,Credit-primary,0.7833249583065645,True,True,5,18100.0,Premium credit,750.89934,718.1393400000001,865.01402,59163.99,750.89934,718.1393400000001,865.01402,True,57,49467,697,77465,False,Prepaid,2003
357,0.0,696.1722500000001,696.1722500000001,Credit-primary,0.6147740206470476,True,True,4,19800.0,Premium credit,696.17225,582.14225,696.17225,55000.6,696.17225,582.14225,696.17225,True,59,80156,735,61817,False,Premium credit,2002
535,0.0,0.0,0.0,Dormant,,True,False,1,12200.0,Premium credit,0.0,0.0,0.0,0.0,0.0,0.0,0.0,False,51,49737,643,136056,False,Premium credit,2015
778,0.0,0.0,0.0,Dormant,,True,True,2,13700.0,Premium credit,0.0,0.0,0.0,0.0,0.0,0.0,0.0,False,60,31003,699,23000,False,Premium credit,2001
1080,0.0,463.3696,463.3696,Mixed,0.4721750685871056,True,True,2,5500.0,Core credit,463.3696,444.3996,463.3696,37324.8,463.3696,444.3996,463.3696,True,56,29413,703,46043,False,Core credit,2005
711,0.0,255.26332,255.26332,Debit/prepaid only,0.0,False,True,1,0.0,Debit,255.26332,95.23331999999999,255.26332,72392.64,255.26332,95.23331999999999,255.26332,True,39,40894,657,51844,False,Debit,2008
1731,95.0,268.59644499999996,363.596445,Credit-primary,0.5275418842813033,True,True,6,13700.0,Premium credit,268.596445,261.506445,277.01286,24542.62,363.596445,356.506445,372.01286,True,64,47242,704,62224,False,Debit,1998
451,0.0,351.643315,351.643315,Mixed,0.482704255187828,True,True,2,6600.0,Core credit,351.643315,335.423315,351.643315,31269.829999999998,351.643315,335.423315,351.643315,True,65,28951,711,56777,False,Debit,2004
1290,0.0,0.0,0.0,Dormant,,True,True,2,15700.0,Premium credit,0.0,0.0,0.0,0.0,0.0,0.0,0.0,False,53,66428,669,197102,False,Premium credit,2006
1817,0.0,408.853315,408.853315,Debit/prepaid only,0.0,False,True,1,0.0,Debit,408.853315,318.84331499999996,408.853315,109694.62999999999,408.853315,318.84331499999996,408.853315,True,52,73920,683,166395,False,Debit,2007
1383,0.0,286.83076,286.83076,Debit/prepaid only,0.0,False,True,1,0.0,Debit,286.83076,284.54076,286.83076,67868.52,286.83076,284.54076,286.83076,True,68,59938,670,36978,False,Debit,2001
1915,0.0,1075.02819,1075.02819,Credit-primary,0.5966731690072331,True,True,4,14800.0,Premium credit,1075.02819,998.29819,1075.02819,88086.23,1075.02819,998.29819,1075.02819,True,54,52062,775,97881,True,Premium credit,2003
1882,0.0,277.75404,277.75404,Mixed,0.2707885161697798,True,True,3,13600.0,Premium credit,277.75404,277.20403999999996,277.75404,45504.33,277.75404,277.20403999999996,277.75404,True,58,59322,694,145137,False,Debit,2001
1467,0.0,268.002785,268.002785,Debit/prepaid only,0.0,False,True,1,0.0,Debit,268.002785,256.092785,268.002785,48986.57,268.002785,256.092785,268.002785,True,26,53254,736,131334,False,Debit,2012
1791,0.0,145.398405,145.398405,Debit/prepaid only,0.0,False,True,3,0.0,Debit,145.398405,142.028405,145.398405,30452.81,145.398405,142.028405,145.398405,True,61,32716,593,46919,False,Debit,2005
447,0.0,328.32277,328.32277,Credit-primary,0.5547408062710124,True,True,5,9000.0,Core credit,328.32277,328.32277,328.32277,28417.739999999998,328.32277,328.32277,328.32277,True,79,30977,796,21507,False,Debit,2003
1640,0.0,322.825965,322.825965,Credit-primary,0.5542024566935141,True,True,3,11400.0,Premium credit,322.825965,322.825965,322.825965,29362.23,322.825965,322.825965,322.825965,True,67,34954,729,5942,False,Debit,2002
636,0.0,100.651015,100.651015,Debit/prepaid only,0.0,False,True,4,0.0,Debit,100.651015,98.291015,100.651015,19051.03,100.651015,98.291015,100.651015,True,47,24372,793,63295,False,Debit,2009
782,0.0,284.96013,284.96013,Debit/prepaid only,0.0,False,True,3,0.0,Debit,284.96013,278.39013,406.80316,95302.31999999999,284.96013,278.39013,406.80316,True,51,37169,722,93844,False,Debit,2005
316,95.0,784.4232,879.4232,Credit-primary,0.5553585603218615,True,True,4,10500.0,Premium credit,784.4232,739.8132,784.4232,73572.0,879.4232,834.8132,879.4232,True,36,39871,719,73726,False,Core credit,2002
1192,0.0,163.26115,163.26115,Debit/prepaid only,0.0,False,True,1,0.0,Debit,163.26115,157.66115,163.26115,17697.74,163.26115,157.66115,163.26115,True,44,40026,768,70877,False,Debit,2010
490,0.0,492.520765,492.520765,Debit/prepaid only,0.0,False,True,4,0.0,Debit,492.520765,484.370765,492.520765,152502.53,492.520765,484.370765,492.520765,True,86,33426,699,1852,False,Debit,2006
387,0.0,0.0,0.0,Dormant,,False,False,1,0.0,Prepaid,0.0,0.0,0.0,0.0,0.0,0.0,0.0,True,34,45388,723,64749,False,Prepaid,2006
869,0.0,98.733185,98.733185,Debit/prepaid only,0.0,False,True,5,0.0,Debit,98.73318499999999,97.063185,161.09623,31755.46,98.73318499999999,97.063185,161.09623,True,73,34220,745,0,False,Prepaid,2007
1124,0.0,0.0,0.0,Dormant,,True,True,3,8300.0,Core credit,0.0,0.0,0.0,0.0,0.0,0.0,0.0,False,45,23740,841,4313,False,Core credit,2004
721,0.0,375.41441,375.41441,Credit-primary,0.5140060462501979,True,True,6,11900.0,Premium credit,375.41441,368.54441,375.41441,28483.77,375.41441,368.54441,375.41441,True,39,38386,850,74820,False,Debit,2007
813,0.0,0.0,0.0,Dormant,,False,True,1,0.0,Debit,0.0,0.0,0.0,0.0,0.0,0.0,0.0,False,46,38872,585,86648,False,Debit,2008
152,0.0,1444.8250799999998,1444.8250799999998,Credit-primary,0.9313210101994436,True,False,2,10300.0,Premium credit,1444.82508,1339.7050800000002,1498.842045,91103.99,1444.82508,1339.7050800000002,1498.842045,True,37,49335,773,51520,True,Premium credit,2003
1896,0.0,496.6738749999999,496.6738749999999,Mixed,0.4518801375852621,True,True,5,14400.0,Premium credit,496.673875,490.913875,496.673875,42882.5,496.673875,490.913875,496.673875,True,50,40246,641,74352,False,Premium credit,2002
1028,95.0,1067.457195,1162.457195,Credit-primary,0.550717562632313,True,True,4,24600.0,Premium credit,1067.457195,1035.627195,1067.457195,95682.24,1162.457195,1130.627195,1162.457195,True,50,81122,682,112394,True,Debit,2005
549,95.0,752.2488,847.2488,Credit-primary,1.0,True,True,4,16200.0,Premium credit,752.2488,750.4488,752.2488,46436.6,847.2488,845.4488,847.2488,True,51,62304,719,113416,False,Debit,2006
565,0.0,335.18258499999996,335.18258499999996,Debit/prepaid only,0.0,False,True,4,0.0,Debit,335.182585,243.332585,335.182585,71499.17,335.182585,243.332585,335.182585,True,54,43598,757,15891,False,Debit,2006
1980,0.0,114.7638,114.7638,Debit/prepaid only,0.0,False,True,1,0.0,Debit,114.7638,101.57379999999999,114.7638,32015.6,114.7638,101.57379999999999,114.7638,True,54,46603,612,57177,False,Debit,2005
1494,0.0,284.29344,284.29344,Credit-primary,0.5584909993505791,True,True,2,4400.0,Core credit,284.29344,284.29344,284.29344,20987.93,284.29344,284.29344,284.29344,True,26,28931,711,34511,False,Debit,2014
1809,0.0,944.005345,944.005345,Credit-primary,0.5817093970376982,True,True,6,17900.0,Premium credit,944.005345,882.945345,960.9342849999999,75376.52,944.005345,882.945345,960.9342849999999,True,42,73208,664,115827,False,Debit,2005
637,0.0,375.96009,375.96009,Debit/prepaid only,0.0,True,True,4,28600.0,Premium credit,375.96009,369.96009,375.96009,86223.18000000001,375.96009,369.96009,375.96009,True,42,77288,771,46160,False,Premium credit,2005
1770,0.0,214.457295,214.457295,Debit/prepaid only,0.0,True,True,2,0.0,Core credit,214.457295,200.30729499999998,214.457295,37073.59,214.457295,200.30729499999998,214.457295,True,30,37544,703,15489,False,Debit,2011
527,0.0,0.0,0.0,Dormant,,True,False,1,10500.0,Premium credit,0.0,0.0,0.0,0.0,0.0,0.0,0.0,False,58,40628,636,66552,False,Premium credit,2014
1459,0.0,516.778955,516.778955,Mixed,0.4001037460544141,True,True,3,7100.0,Core credit,516.778955,469.208955,516.778955,60108.31,516.778955,469.208955,516.778955,True,53,31369,707,0,False,Core credit,2008
1544,95.0,861.3257449999999,956.325745,Credit-primary,0.5462651090963218,True,True,2,4400.0,Core credit,861.325745,858.565745,861.325745,73095.04,956.325745,953.565745,956.325745,True,36,33339,679,83353,False,Debit,2013
112,95.0,1291.21937,1386.21937,Mixed,0.4602363983950322,True,True,5,8900.0,Core credit,1291.21937,1220.30937,1291.21937,107850.14,1386.21937,1315.30937,1386.21937,True,54,35114,686,24637,True,Core credit,2008
369,0.0,1162.9998,1162.9998,Credit-primary,0.7638549348595357,True,True,4,13600.0,Premium credit,1162.9998,1083.0798,1290.72128,91668.06,1162.9998,1083.0798,1290.72128,True,39,51499,788,7226,True,Prepaid,2002
994,0.0,163.00646,163.00646,Debit/prepaid only,0.0,True,True,7,6000.0,Core credit,163.00646,150.93646,163.00646,20765.92,163.00646,150.93646,163.00646,True,85,9795,771,396,False,Debit,2001
1029,0.0,443.05952,443.05952,Credit-primary,0.5869603593059968,True,True,3,3600.0,Core credit,443.05952,430.20952,443.05952,39936.99,443.05952,430.20952,443.05952,True,66,36589,676,86573,False,Debit,2007
1680,0.0,195.34983,195.34983,Debit/prepaid only,0.0,False,True,1,0.0,Debit,195.34983,191.59983,195.34983,39663.66,195.34983,191.59983,195.34983,True,59,58959,598,109358,False,Debit,2017
1052,0.0,244.973835,244.973835,Debit/prepaid only,0.0,False,True,2,0.0,Debit,244.97383499999998,158.273835,244.97383499999998,83084.67,244.97383499999998,158.273835,244.97383499999998,True,61,28210,655,22961,False,Debit,1998
494,0.0,629.8884,629.8884,Credit-primary,1.0,True,False,2,13500.0,Premium credit,629.8883999999999,622.3284,629.8883999999999,38981.799999999996,629.8883999999999,622.3284,629.8883999999999,True,39,56347,779,32530,False,Premium credit,2004
94,0.0,297.089505,297.089505,Debit/prepaid only,0.0,False,True,2,0.0,Debit,297.089505,284.229505,297.089505,53745.009999999995,297.089505,284.229505,297.089505,True,59,36760,593,95755,False,Debit,2005
425,0.0,392.50672,392.50672,Debit/prepaid only,0.0,False,True,4,0.0,Debit,392.50672,389.37672,392.50672,93870.44,392.50672,389.37672,392.50672,True,38,59482,688,130605,False,Debit,2009
1720,0.0,192.4751,192.4751,Debit/prepaid only,0.0,False,True,1,0.0,Debit,192.4751,98.9551,192.4751,62683.2,192.4751,98.9551,192.4751,True,55,24827,590,60261,False,Debit,2005
1699,190.0,341.93671499999994,531.9367149999999,Debit/prepaid only,0.0,True,True,7,30500.0,Premium credit,341.936715,341.456715,401.07887,90592.74,531.936715,531.456715,591.07887,True,67,52929,737,37514,False,Premium credit,2003
1495,95.0,698.0533849999999,793.0533849999999,Mixed,0.4902303925108721,True,True,6,15700.0,Premium credit,698.0533849999999,696.973385,719.72719,69096.43,793.0533849999999,791.973385,814.72719,True,52,63433,770,122550,False,Prepaid,1999
439,0.0,0.0,0.0,Dormant,,False,True,1,0.0,Debit,0.0,0.0,0.0,0.0,0.0,0.0,0.0,False,33,51938,697,97252,False,Debit,2016
1285,0.0,257.044275,257.044275,Debit/prepaid only,0.0,False,True,2,0.0,Debit,257.04427499999997,244.304275,257.04427499999997,82560.55,257.04427499999997,244.304275,257.04427499999997,True,68,65298,524,18684,False,Debit,2000
1973,0.0,98.17626,98.17626,Debit/prepaid only,0.0,False,True,4,0.0,Debit,98.17626,92.86626,121.016085,34691.17,98.17626,92.86626,121.016085,True,58,32520,731,29433,False,Debit,2005
1907,0.0,0.0,0.0,Dormant,,False,True,1,0.0,Debit,0.0,0.0,0.0,0.0,0.0,0.0,0.0,False,37,34457,666,48966,False,Debit,2007
73,0.0,740.0686999999999,740.0686999999999,Credit-primary,0.674352774401547,True,True,3,14300.0,Premium credit,740.0687,596.7087,740.0687,58126.95,740.0687,596.7087,740.0687,True,48,53478,674,73030,False,Premium credit,2009
1097,0.0,169.336745,169.336745,Debit/prepaid only,0.0,False,True,3,0.0,Debit,169.336745,155.316745,169.336745,33316.49,169.336745,155.316745,169.336745,True,39,32343,732,59006,False,Debit,2008
1644,0.0,623.5329399999999,623.5329399999999,Mixed,0.4611481696810338,True,True,6,10900.0,Premium credit,623.53294,623.53294,623.53294,53183.08,623.53294,623.53294,623.53294,True,83,31943,686,1248,False,Debit,2008
967,0.0,0.0,0.0,Dormant,,True,True,2,9300.0,Core credit,0.0,0.0,0.0,0.0,0.0,0.0,0.0,False,41,32789,699,47679,False,Core credit,2000
1114,0.0,127.08299,127.08299,Debit/prepaid only,0.0,True,True,3,12500.0,Premium credit,127.08299,126.86299,183.981445,34165.89,127.08299,126.86299,183.981445,True,44,37115,685,58438,False,Premium credit,2007
1087,95.0,289.800685,384.800685,Mixed,0.4691038679151326,True,True,2,7400.0,Core credit,289.800685,276.560685,289.800685,25302.52,384.800685,371.560685,384.800685,True,40,30997,722,81716,False,Debit,2004
1031,0.0,583.5545549999999,583.5545549999999,Credit-primary,0.6964452419251211,True,True,8,15700.0,Premium credit,583.554555,498.054555,583.554555,45214.61,583.554555,498.054555,583.554555,True,61,53762,689,37361,False,Premium credit,2006
728,0.0,150.6527,150.6527,Debit/prepaid only,0.0,False,True,3,0.0,Debit,150.65269999999998,147.1427,150.65269999999998,30286.4,150.65269999999998,147.1427,150.65269999999998,True,30,33076,721,50117,False,Debit,2009
1639,0.0,283.732425,283.732425,Debit/prepaid only,0.0,False,True,1,0.0,Debit,283.732425,189.852425,283.732425,99795.85,283.732425,189.852425,283.732425,True,58,49595,676,68057,False,Debit,2010
1587,95.0,1466.1666099999998,1561.1666099999998,Credit-primary,0.6426660717624522,True,True,2,30900.0,Premium credit,1466.16661,1453.74661,1466.16661,115738.52,1561.16661,1548.74661,1561.16661,True,31,82019,695,64583,True,Premium credit,2010
1883,0.0,0.0,0.0,Dormant,,True,True,4,13900.0,Premium credit,0.0,0.0,0.0,0.0,0.0,0.0,0.0,False,76,51942,723,22839,False,Debit,2004
712,0.0,336.03774999999996,336.03774999999996,Mixed,0.4265240561994559,True,True,5,14900.0,Premium credit,336.03775,290.47775,336.03775,33541.25,336.03775,290.47775,336.03775,True,74,29130,720,8746,False,Debit,2007
1414,0.0,0.0,0.0,Dormant,,True,True,4,10600.0,Premium credit,0.0,0.0,0.0,0.0,0.0,0.0,0.0,False,71,13937,783,3854,False,Prepaid,2004
146,0.0,588.9686549999999,588.9686549999999,Credit-primary,0.6270158615390377,True,True,3,14200.0,Premium credit,588.968655,571.418655,588.968655,53136.71,588.968655,571.418655,588.968655,True,47,68710,717,201796,False,Debit,2004
1489,0.0,0.0,0.0,Dormant,,False,True,1,0.0,Debit,0.0,0.0,0.0,0.0,0.0,0.0,0.0,False,58,50980,691,87715,False,Debit,2006
842,0.0,0.0,0.0,Dormant,,False,True,1,0.0,Debit,0.0,0.0,0.0,0.0,0.0,0.0,0.0,False,61,103185,564,206422,False,Debit,2006
763,0.0,1768.7595599999995,1768.7595599999995,Credit-primary,1.0,True,False,1,24300.0,Premium credit,1768.75956,1689.19956,1768.75956,101227.42,1768.75956,1689.19956,1768.75956,True,35,103126,642,130160,True,Premium credit,2003
154,0.0,339.188705,339.188705,Debit/prepaid only,0.0,False,True,3,0.0,Debit,339.18870499999997,251.05870499999997,339.18870499999997,86669.41,339.18870499999997,251.05870499999997,339.18870499999997,True,48,37468,666,73448,False,Debit,2003
704,95.0,2404.818184999999,2499.818184999999,Credit-primary,0.6591160598975462,True,True,6,22800.0,Premium credit,2404.818185,2346.868185,2404.818185,183294.32,2499.818185,2441.868185,2499.818185,True,51,112695,840,35135,True,Debit,2003
729,0.0,524.8915599999999,524.8915599999999,Credit-primary,0.5636494909433835,True,True,6,9000.0,Core credit,524.89156,521.3615599999999,524.89156,46371.07,524.89156,521.3615599999999,524.89156,True,80,24884,850,1828,False,Debit,2007
1016,0.0,87.96791999999999,87.96791999999999,Credit-primary,0.5587621679812511,True,True,3,200.0,Core credit,87.96791999999999,87.96791999999999,87.96791999999999,6140.09,87.96791999999999,87.96791999999999,87.96791999999999,True,41,553,719,740,False,Debit,2005
1214,0.0,269.486,269.486,Debit/prepaid only,0.0,False,True,2,0.0,Debit,269.486,269.246,269.486,64476.0,269.486,269.246,269.486,True,40,72470,711,133421,False,Debit,2007
927,0.0,0.0,0.0,Dormant,,False,True,1,0.0,Debit,0.0,0.0,0.0,0.0,0.0,0.0,0.0,False,37,59375,729,0,False,Debit,2011
1796,0.0,0.0,0.0,Dormant,,False,True,3,0.0,Debit,0.0,0.0,0.0,0.0,0.0,0.0,0.0,False,60,30867,794,12686,False,Debit,2002
179,0.0,0.0,0.0,Dormant,,False,True,1,0.0,Debit,0.0,0.0,0.0,0.0,0.0,0.0,0.0,False,33,39974,652,64403,False,Debit,2008
395,0.0,610.38252,610.38252,Credit-primary,1.0,True,True,4,16400.0,Premium credit,610.38252,579.42252,610.38252,37848.14,610.38252,579.42252,610.38252,True,39,49611,739,110543,False,Premium credit,2001
513,0.0,0.0,0.0,Dormant,,False,True,1,0.0,Debit,0.0,0.0,0.0,0.0,0.0,0.0,0.0,False,24,35856,712,73257,False,Debit,2015
187,0.0,0.0,0.0,Dormant,,True,False,1,3100.0,Core credit,0.0,0.0,0.0,0.0,0.0,0.0,0.0,False,35,35760,830,62768,False,Core credit,2006
491,0.0,148.66670499999998,148.66670499999998,Mixed,0.4823817397956515,True,True,3,8000.0,Core credit,148.666705,138.966705,148.666705,17398.71,148.666705,138.966705,148.666705,True,40,27013,651,58806,False,Debit,2002
1153,0.0,0.0,0.0,Debit/prepaid only,0.0,False,False,1,0.0,Prepaid,0.0,0.0,99.7619,8947.8,0.0,0.0,99.7619,True,63,58006,774,20196,False,Prepaid,2001
377,0.0,747.477905,747.477905,Mixed,0.4878992851162472,True,True,5,16400.0,Premium credit,747.477905,694.237905,747.477905,70695.41,747.477905,694.237905,747.477905,True,80,39110,750,363,False,Debit,2006
850,0.0,315.82729,315.82729,Debit/prepaid only,0.0,False,True,2,0.0,Debit,315.82729,310.88729,315.82729,50897.58,315.82729,310.88729,315.82729,True,38,40087,712,17392,False,Debit,2014
1186,0.0,0.0,0.0,Dormant,,False,True,3,0.0,Debit,0.0,0.0,0.0,0.0,0.0,0.0,0.0,False,46,35891,577,87749,False,Prepaid,2004
1694,0.0,929.20788,929.20788,Credit-primary,0.9490315055118858,True,True,5,17700.0,Premium credit,929.2078799999999,808.60788,967.08731,60799.52,929.2078799999999,808.60788,967.08731,True,83,74753,726,1585,False,Premium credit,2005
716,0.0,979.96608,979.96608,Credit-primary,1.0,True,False,3,9800.0,Core credit,979.96608,967.72608,979.96608,58117.56,979.96608,967.72608,979.96608,True,31,26511,769,21869,True,Core credit,2009
1131,0.0,1109.6832599999998,1109.6832599999998,Credit-primary,0.6105922887556893,True,True,4,18200.0,Premium credit,1109.68326,528.64326,1109.68326,93912.47,1109.68326,528.64326,1109.68326,True,76,19682,683,0,True,Premium credit,2007
1719,0.0,223.31592,223.31592,Debit/prepaid only,0.0,False,True,3,0.0,Debit,223.31592,223.06592,223.31592,35754.840000000004,223.31592,223.06592,223.31592,True,81,23217,616,2559,False,Debit,2000
254,0.0,456.480795,456.480795,Debit/prepaid only,0.0,False,True,1,0.0,Debit,456.48079499999994,374.810795,456.48079499999994,121460.59,456.48079499999994,374.810795,456.48079499999994,True,30,67589,734,0,False,Debit,2010
226,0.0,0.0,0.0,Dormant,,False,True,1,0.0,Debit,0.0,0.0,0.0,0.0,0.0,0.0,0.0,False,30,92960,724,64167,False,Debit,2013
1307,0.0,897.51378,897.51378,Credit-primary,0.5950413957754035,True,True,5,29200.0,Premium credit,897.51378,896.71378,897.51378,76500.56,897.51378,896.71378,897.51378,True,52,87030,646,156474,False,Premium credit,2000
1095,0.0,125.687485,125.687485,Debit/prepaid only,0.0,False,True,5,0.0,Debit,125.687485,122.117485,125.687485,32652.97,125.687485,122.117485,125.687485,True,72,22918,750,11371,False,Debit,2006
1729,0.0,0.0,0.0,Dormant,,False,True,1,0.0,Debit,0.0,0.0,0.0,0.0,0.0,0.0,0.0,False,29,49842,698,79750,False,Debit,2009
1466,0.0,579.3106449999999,579.3106449999999,Mixed,0.4760260749803052,True,True,2,9800.0,Core credit,579.310645,576.960645,579.310645,47499.94,579.310645,576.960645,579.310645,True,36,35933,812,23451,False,Core credit,2007
1226,0.0,657.8094349999999,657.8094349999999,Credit-primary,0.5705970641719322,True,True,3,9600.0,Core credit,657.809435,649.259435,690.54435,60463.35,657.809435,649.259435,690.54435,True,42,36860,714,65049,False,Core credit,2005
1755,0.0,460.3445,460.3445,Credit-primary,0.5009663029536758,True,True,6,9400.0,Core credit,460.3445,419.5345,550.7122449999999,43785.44,460.3445,419.5345,550.7122449999999,True,53,28269,734,66681,False,Prepaid,2002
1956,0.0,299.72483,299.72483,Mixed,0.4446811810473657,True,True,4,11500.0,Premium credit,299.72483,288.12483,299.72483,27789.91,299.72483,288.12483,299.72483,True,43,37371,739,3378,False,Premium credit,2002
706,95.0,839.08476,934.08476,Credit-primary,1.0,True,False,2,13700.0,Premium credit,839.08476,750.16476,839.08476,52492.82,934.08476,845.16476,934.08476,True,33,67589,602,106072,False,Premium credit,2009
474,0.0,1200.59336,1200.59336,Credit-primary,0.6040768812636048,True,True,6,22300.0,Premium credit,1200.59336,1173.12336,1200.59336,96693.52,1200.59336,1173.12336,1200.59336,True,55,80957,683,161166,True,Premium credit,2005
1259,0.0,210.12919,210.12919,Debit/prepaid only,0.0,False,True,6,0.0,Debit,210.12919,197.44919,272.5982,92923.4,210.12919,197.44919,272.5982,True,64,192269,700,100192,False,Debit,1997
320,0.0,103.29664,103.29664,Debit/prepaid only,0.0,False,True,2,0.0,Debit,103.29664,92.10664,103.29664,35175.28,103.29664,92.10664,103.29664,True,34,35641,625,64419,False,Debit,2008
93,0.0,0.0,0.0,Dormant,,True,True,2,1800.0,Core credit,0.0,0.0,0.0,0.0,0.0,0.0,0.0,False,33,28696,686,52910,False,Debit,2010
1182,0.0,0.0,0.0,Dormant,,False,True,1,0.0,Debit,0.0,0.0,0.0,0.0,0.0,0.0,0.0,False,30,38153,658,92466,False,Debit,2010
150,0.0,854.1116849999999,854.1116849999999,Credit-primary,0.5887059035729462,True,True,3,22400.0,Premium credit,854.111685,837.8816850000001,854.111685,71630.52,854.111685,837.8816850000001,854.111685,True,51,71490,782,0,False,Debit,2001
784,95.0,0.0,95.0,Dormant,,True,False,4,15400.0,Premium credit,0.0,0.0,0.0,0.0,95.0,95.0,95.0,False,44,49523,688,89129,False,Prepaid,2003
1471,0.0,643.05324,643.05324,Credit-primary,1.0,True,False,1,7900.0,Core credit,643.0532400000001,640.17324,643.0532400000001,37801.18,643.0532400000001,640.17324,643.0532400000001,True,31,21876,786,20169,False,Core credit,2011
1050,0.0,342.265325,342.265325,Debit/prepaid only,0.0,False,True,3,0.0,Debit,342.26532499999996,330.13532499999997,442.270965,81881.93,342.26532499999996,330.13532499999997,442.270965,True,43,35938,670,47204,False,Debit,2010
207,0.0,295.00764999999996,295.00764999999996,Credit-primary,0.5268548951702982,True,True,4,7700.0,Core credit,295.00765,271.39765,295.00765,28066.95,295.00765,271.39765,295.00765,True,73,28553,745,19507,False,Debit,2006
798,95.0,669.3423099999999,764.3423099999999,Credit-primary,0.6735702436729484,True,True,4,19700.0,Premium credit,669.34231,632.55231,669.34231,53416.27,764.34231,727.55231,764.34231,True,50,49076,715,56547,False,Debit,1998
1207,0.0,1072.0573049999998,1072.0573049999998,Credit-primary,0.5818870792298884,True,True,3,22800.0,Premium credit,1072.057305,655.597305,1072.057305,88136.31,1072.057305,655.597305,1072.057305,True,41,56368,664,71544,True,Premium credit,2004
1012,0.0,103.098925,103.098925,Debit/prepaid only,0.0,False,True,2,0.0,Debit,103.098925,98.228925,103.098925,23825.85,103.098925,98.228925,103.098925,True,35,32855,693,94228,False,Debit,2013
844,0.0,433.19646,433.19646,Credit-primary,1.0,True,False,2,10000.0,Premium credit,433.19646,431.39646,433.19646,25511.47,433.19646,431.39646,433.19646,True,65,18149,738,26672,False,Premium credit,2009
334,95.0,287.18469,382.18469,Credit-primary,0.523701876822665,True,True,3,11200.0,Premium credit,287.18469,272.09469,287.18469,28001.58,382.18469,367.09469,382.18469,True,44,40407,697,25986,False,Core credit,2007
1100,0.0,238.23435,238.23435,Debit/prepaid only,0.0,False,True,2,0.0,Debit,238.23435,235.66434999999998,238.23435,91065.7,238.23435,235.66434999999998,238.23435,True,61,59815,573,73325,False,Debit,2007
1244,0.0,0.0,0.0,Dormant,,False,True,1,0.0,Debit,0.0,0.0,0.0,0.0,0.0,0.0,0.0,False,43,32775,637,72785,False,Debit,2002
1740,0.0,162.886745,162.886745,Debit/prepaid only,0.0,False,True,1,0.0,Debit,162.886745,158.42674499999998,162.886745,35639.49,162.886745,158.42674499999998,162.886745,True,36,57532,735,61268,False,Debit,2007
1754,0.0,0.0,0.0,Dormant,,False,True,1,0.0,Debit,0.0,0.0,0.0,0.0,0.0,0.0,0.0,False,34,26325,562,32456,False,Debit,2008
1184,0.0,241.68179,241.68179,Debit/prepaid only,0.0,False,True,5,0.0,Debit,241.68179,232.66179,241.68179,54072.58,241.68179,232.66179,241.68179,True,70,68765,798,75608,False,Debit,2006
200,95.0,643.2008399999999,738.2008399999999,Credit-primary,1.0,True,True,3,14600.0,Premium credit,643.20084,565.08084,643.20084,40803.38,738.20084,660.08084,738.20084,True,57,36528,701,109785,False,Core credit,2005
1446,95.0,347.38417499999997,442.384175,Mixed,0.4846363175280256,True,True,3,2600.0,Core credit,347.384175,347.384175,347.384175,30757.6,442.384175,442.384175,442.384175,True,28,28163,689,50872,False,Debit,2011
1263,0.0,173.378395,173.378395,Debit/prepaid only,0.0,False,True,2,0.0,Debit,173.37839499999998,173.37839499999998,173.37839499999998,36610.79,173.37839499999998,173.37839499999998,173.37839499999998,True,56,36652,600,60949,False,Debit,1993
1085,0.0,0.0,0.0,Dormant,,False,False,1,0.0,Prepaid,0.0,0.0,0.0,0.0,0.0,0.0,0.0,False,27,74198,838,16084,False,Prepaid,2011
776,0.0,230.791125,230.791125,Debit/prepaid only,0.0,False,True,2,0.0,Debit,230.791125,141.891125,230.791125,97877.25,230.791125,141.891125,230.791125,True,55,97455,616,219213,False,Debit,2006
890,0.0,496.53984,496.53984,Credit-primary,0.5741021578496507,True,True,2,16500.0,Premium credit,496.53983999999997,464.59984,496.53983999999997,39491.63,496.53983999999997,464.59984,496.53983999999997,True,37,52181,727,26792,False,Premium credit,2003
1445,95.0,416.6650949999999,511.6650949999999,Mixed,0.4817872023438139,True,True,5,12800.0,Premium credit,416.665095,409.825095,416.665095,31654.39,511.665095,504.825095,511.665095,True,68,27939,841,11243,False,Premium credit,1997
74,0.0,146.2602,146.2602,Debit/prepaid only,0.0,False,True,2,0.0,Debit,146.2602,139.0702,146.2602,31472.4,146.2602,139.0702,146.2602,True,54,41957,783,151027,False,Debit,2012
797,0.0,422.086365,422.086365,Credit-primary,0.6339120015379169,True,True,7,4400.0,Core credit,422.086365,413.24636499999997,422.086365,32147.38,422.086365,413.24636499999997,422.086365,True,61,62005,651,149968,False,Debit,1999
1917,190.0,949.885595,1139.885595,Credit-primary,0.5687441165642685,True,True,4,13000.0,Premium credit,949.885595,906.255595,972.62735,84612.55,1139.885595,1096.255595,1162.62735,True,49,58503,680,37838,True,Prepaid,2002
109,0.0,0.0,0.0,Dormant,,False,True,1,0.0,Debit,0.0,0.0,0.0,0.0,0.0,0.0,0.0,False,29,40005,737,37694,False,Debit,2014
547,0.0,176.075945,176.075945,Debit/prepaid only,0.0,False,True,3,0.0,Debit,176.075945,166.975945,212.497615,33537.229999999996,176.075945,166.975945,212.497615,True,70,31901,778,16285,False,Debit,2008
347,0.0,0.0,0.0,Dormant,,True,False,1,6100.0,Core credit,0.0,0.0,0.0,0.0,0.0,0.0,0.0,False,28,44046,557,57982,False,Core credit,2015
201,0.0,282.00132,282.00132,Credit-primary,1.0,True,True,3,10100.0,Premium credit,282.00132,282.00132,282.00132,17898.74,282.00132,282.00132,282.00132,True,61,35823,732,96691,False,Core credit,1995
1368,0.0,0.0,0.0,Dormant,,False,True,1,0.0,Debit,0.0,0.0,0.0,0.0,0.0,0.0,0.0,False,29,44976,717,80109,False,Debit,2010
1547,0.0,0.0,0.0,Dormant,,False,False,1,0.0,Prepaid,0.0,0.0,0.0,0.0,0.0,0.0,0.0,False,28,40035,684,69241,False,Prepaid,2018
1812,0.0,286.78131,286.78131,Debit/prepaid only,0.0,False,True,1,0.0,Debit,286.78131,280.10131,286.78131,103767.62000000001,286.78131,280.10131,286.78131,True,31,50978,574,76898,False,Debit,2007
1379,0.0,902.517425,902.517425,Credit-primary,0.5100976094366368,True,True,4,10300.0,Premium credit,902.517425,901.707425,902.517425,74034.85,902.517425,901.707425,902.517425,True,76,34408,701,9107,False,Debit,2009
82,0.0,0.0,0.0,Dormant,,False,False,1,0.0,Prepaid,0.0,0.0,0.0,0.0,0.0,0.0,0.0,False,22,2026,779,1417,False,Prepaid,2018
1053,0.0,1304.04438,1304.04438,Credit-primary,0.8697684341400062,True,True,3,9200.0,Core credit,1304.04438,1215.12438,1403.228705,88731.56,1304.04438,1215.12438,1403.228705,True,59,55571,636,93460,True,Core credit,2006
955,0.0,114.95264,114.95264,Debit/prepaid only,0.0,False,True,2,0.0,Debit,114.95264,106.36264,114.95264,17868.28,114.95264,106.36264,114.95264,True,33,33944,798,53353,False,Debit,2016
856,0.0,344.65771499999994,344.65771499999994,Debit/prepaid only,0.0,True,True,3,26800.0,Premium credit,344.657715,330.947715,344.657715,131694.43,344.657715,330.947715,344.657715,True,54,114318,748,328089,False,Debit,2011
1361,0.0,179.37918,179.37918,Debit/prepaid only,0.0,False,True,2,0.0,Debit,179.37918,179.37918,179.37918,35651.36,179.37918,179.37918,179.37918,True,67,28714,638,12978,False,Debit,2001
261,0.0,838.1316149999999,838.1316149999999,Credit-primary,0.5781887234857752,True,True,5,14200.0,Premium credit,838.131615,629.471615,838.131615,72792.53,838.131615,629.471615,838.131615,True,41,59093,737,117325,False,Premium credit,2002
64,0.0,761.52062,761.52062,Credit-primary,0.6070772808962238,True,True,2,12200.0,Premium credit,761.52062,719.4506200000001,761.52062,61079.39,761.52062,719.4506200000001,761.52062,True,39,51465,702,0,False,Premium credit,2005
1151,0.0,132.03202,132.03202,Mixed,0.3445577221816704,True,True,3,100.0,Core credit,132.03202,132.03202,132.03202,7480.14,132.03202,132.03202,132.03202,True,53,920,788,1914,False,Core credit,2004
356,0.0,405.447615,405.447615,Debit/prepaid only,0.0,False,True,5,0.0,Debit,405.447615,400.847615,405.447615,74604.23,405.447615,400.847615,405.447615,True,50,41420,691,0,False,Debit,2003
1393,0.0,258.65540999999996,258.65540999999996,Debit/prepaid only,0.0,False,True,1,0.0,Debit,258.65540999999996,258.65540999999996,258.65540999999996,49631.82,258.65540999999996,258.65540999999996,258.65540999999996,True,52,34460,692,43936,False,Debit,2009
865,190.0,891.5974199999999,1081.59742,Credit-primary,0.542971798948244,True,True,4,9200.0,Core credit,891.5974199999999,841.12742,891.5974199999999,76512.04,1081.59742,1031.12742,1081.59742,True,41,37786,693,107692,True,Core credit,2008
1641,0.0,0.0,0.0,Dormant,,True,False,1,1900.0,Core credit,0.0,0.0,0.0,0.0,0.0,0.0,0.0,False,30,51998,640,73575,False,Core credit,2017
3,0.0,46.319,46.319,Debit/prepaid only,0.0,False,True,4,0.0,Debit,46.318999999999996,46.318999999999996,139.063445,31014.89,46.318999999999996,46.318999999999996,139.063445,True,49,27943,681,18693,False,Prepaid,2007
754,95.0,778.452635,873.452635,Mixed,0.4698718990196228,True,True,6,10100.0,Premium credit,778.452635,767.57803,778.452635,72566.97,873.452635,862.57803,873.452635,True,76,32817,705,27209,False,Debit,2002
148,0.0,445.54666,445.54666,Mixed,0.4170678908437657,True,True,5,17400.0,Premium credit,445.54666,420.55665999999997,445.54666,40129.27,445.54666,420.55665999999997,445.54666,True,62,38681,663,113190,False,Premium credit,2006
127,0.0,926.082085,926.082085,Credit-primary,0.5719859506042272,True,True,3,10600.0,Premium credit,926.082085,900.962085,926.082085,80219.81999999999,926.082085,900.962085,926.082085,True,48,31553,729,63938,False,Premium credit,2001
1675,0.0,204.75237,204.75237,Debit/prepaid only,0.0,False,True,3,0.0,Debit,204.75236999999998,190.94236999999998,204.75236999999998,65203.74,204.75236999999998,190.94236999999998,204.75236999999998,True,36,49993,767,52978,False,Debit,2008
747,0.0,334.88870999999995,334.88870999999995,Mixed,0.4488410620186772,True,True,4,6100.0,Core credit,334.88871,290.10871,334.88871,26040.22,334.88871,290.10871,334.88871,True,63,28828,687,49793,False,Debit,2007
1942,0.0,0.0,0.0,Debit/prepaid only,0.0,False,True,3,0.0,Debit,0.0,0.0,123.507345,6354.6900000000005,0.0,0.0,123.507345,True,77,1,673,0,False,Debit,2002
452,0.0,376.802475,376.802475,Debit/prepaid only,0.0,False,True,4,0.0,Debit,376.80247499999996,372.572475,376.80247499999996,81718.95,376.80247499999996,372.572475,376.80247499999996,True,31,63356,704,140107,False,Debit,2008
1534,0.0,492.69689,492.69689,Debit/prepaid only,0.0,False,True,2,0.0,Debit,492.69689,492.69689,492.69689,123056.78,492.69689,492.69689,492.69689,True,36,80794,803,3867,False,Debit,2008
1086,95.0,583.71773,678.71773,Credit-primary,0.6699844865934845,True,True,2,5400.0,Core credit,583.7177300000001,583.7177300000001,583.7177300000001,49518.46,678.7177300000001,678.7177300000001,678.7177300000001,True,57,76274,698,102611,False,Debit,2007
835,0.0,0.0,0.0,Dormant,,True,True,4,11000.0,Premium credit,0.0,0.0,0.0,0.0,0.0,0.0,0.0,False,32,45312,681,11788,False,Debit,2010
758,0.0,321.7118,321.7118,Mixed,0.4913172080914587,True,True,5,9200.0,Core credit,321.7118,277.3018,394.95949,25105.98,321.7118,277.3018,394.95949,True,63,43180,764,36832,False,Core credit,1999
1221,0.0,488.90089,488.90089,Credit-primary,0.5342397662618797,True,True,4,8500.0,Core credit,488.90089,450.37089000000003,488.90089,43857.63,488.90089,450.37089000000003,488.90089,True,64,30747,850,51667,False,Core credit,2004
1248,190.0,654.309,844.309,Credit-primary,1.0,True,True,3,11000.0,Premium credit,654.309,551.709,654.309,38586.5,844.309,741.709,844.309,True,51,43386,698,2192,False,Core credit,2003
1900,0.0,0.0,0.0,Dormant,,False,True,1,0.0,Debit,0.0,0.0,0.0,0.0,0.0,0.0,0.0,False,62,36465,688,12789,False,Debit,1999
597,95.0,866.7497149999999,961.749715,Credit-primary,0.5474233100826104,True,True,6,30400.0,Premium credit,866.749715,818.359715,866.749715,98349.63,961.749715,913.359715,961.749715,True,72,65055,736,1676,False,Debit,1992
1213,0.0,308.1033049999999,308.1033049999999,Credit-primary,0.568856695921024,True,True,3,12300.0,Premium credit,308.103305,291.303305,354.880645,31541.739999999998,308.103305,291.303305,354.880645,True,34,43579,795,96994,False,Premium credit,2004
619,0.0,170.164575,170.164575,Debit/prepaid only,0.0,False,True,4,0.0,Debit,170.16457499999999,167.524575,170.16457499999999,40087.15,170.16457499999999,167.524575,170.16457499999999,True,54,53986,748,58381,False,Debit,1997
394,0.0,454.96966,454.96966,Debit/prepaid only,0.0,False,True,4,0.0,Debit,454.96966,448.58966,454.96966,75536.32,454.96966,448.58966,454.96966,True,52,69604,684,47193,False,Debit,2009
1376,0.0,778.4754649999998,778.4754649999998,Credit-primary,0.5807656375548141,True,True,3,13100.0,Premium credit,778.475465,776.315465,778.475465,64255.73,778.475465,776.315465,778.475465,True,49,62019,543,85666,False,Premium credit,2008
837,0.0,491.1939,491.1939,Credit-primary,1.0,True,False,1,6700.0,Core credit,491.1939,486.15389999999996,491.1939,35170.55,491.1939,486.15389999999996,491.1939,True,30,36092,679,63276,False,Core credit,2008
1257,95.0,188.46274999999997,283.46274999999997,Mixed,0.4354571192892492,True,True,3,8100.0,Core credit,188.46275,178.42274999999998,220.907485,23724.77,283.46275,273.42274999999995,315.907485,True,55,48259,721,146774,False,Debit,2004
1966,0.0,459.9103,459.9103,Debit/prepaid only,0.0,True,True,4,10400.0,Premium credit,459.91029999999995,456.3803,459.91029999999995,71370.6,459.91029999999995,456.3803,459.91029999999995,True,42,31499,782,45661,False,Debit,1997
358,0.0,0.0,0.0,Dormant,,False,True,2,0.0,Debit,0.0,0.0,0.0,0.0,0.0,0.0,0.0,False,36,31079,605,91845,False,Debit,2010
912,0.0,492.145905,492.145905,Credit-primary,0.5397282204263875,True,True,2,19000.0,Premium credit,492.14590499999997,492.14590499999997,492.14590499999997,36766.56,492.14590499999997,492.14590499999997,492.14590499999997,True,46,47395,755,41381,False,Premium credit,2007
605,0.0,568.517025,568.517025,Mixed,0.4323476311553102,True,True,3,13500.0,Premium credit,568.517025,565.427025,568.517025,39880.2,568.517025,565.427025,568.517025,True,42,47542,725,2667,False,Debit,2006
1362,95.0,512.071765,607.071765,Credit-primary,0.6429760933586026,True,True,4,33900.0,Premium credit,512.071765,511.811765,544.824535,46543.97,607.071765,606.8117649999999,639.824535,True,58,72510,727,44317,False,Premium credit,1991
1513,0.0,801.1386949999999,801.1386949999999,Credit-primary,0.5328474887962675,True,True,3,27200.0,Premium credit,801.138695,793.678695,801.138695,71061.14,801.138695,793.678695,801.138695,True,48,65736,733,206000,False,Premium credit,2008
1521,0.0,252.822055,252.822055,Mixed,0.456777385833591,True,True,3,5000.0,Core credit,252.822055,243.472055,252.822055,25771.81,252.822055,243.472055,252.822055,True,71,19581,706,21424,False,Core credit,2005
564,0.0,914.40666,914.40666,Credit-primary,1.0,True,True,2,9700.0,Core credit,914.40666,687.24666,914.40666,52179.37,914.40666,687.24666,914.40666,True,57,42411,765,111077,False,Core credit,2007
1309,0.0,0.0,0.0,Dormant,,False,True,1,0.0,Debit,0.0,0.0,0.0,0.0,0.0,0.0,0.0,False,87,55902,531,3385,False,Debit,2009
1583,0.0,0.0,0.0,Debit/prepaid only,0.0,False,False,2,0.0,Prepaid,0.0,0.0,185.26869499999998,20303.39,0.0,0.0,185.26869499999998,True,38,52844,826,0,False,Prepaid,2008
1885,0.0,1496.85713,1496.85713,Credit-primary,0.91480555945588,True,True,4,8700.0,Core credit,1496.85713,1002.17713,1496.85713,94507.81,1496.85713,1002.17713,1496.85713,True,46,37056,753,75730,True,Prepaid,2001
1566,0.0,0.0,0.0,Dormant,,False,True,3,0.0,Debit,0.0,0.0,0.0,0.0,0.0,0.0,0.0,False,44,40220,718,106171,False,Debit,2003
401,95.0,567.4626149999999,662.4626149999999,Credit-primary,0.500292392176778,True,True,4,11000.0,Premium credit,567.462615,526.152615,567.462615,41587.98,662.462615,621.152615,662.462615,True,81,28644,806,879,False,Debit,2009
15,0.0,0.0,0.0,Dormant,,True,True,3,7100.0,Core credit,0.0,0.0,0.0,0.0,0.0,0.0,0.0,False,52,29673,788,12950,False,Core credit,2003
1666,0.0,294.279695,294.279695,Debit/prepaid only,0.0,True,True,3,12700.0,Premium credit,294.279695,290.459695,294.279695,33247.39,294.279695,290.459695,294.279695,True,61,46954,578,69753,False,Debit,2001
509,0.0,238.91909,238.91909,Debit/prepaid only,0.0,False,True,2,0.0,Debit,238.91908999999998,230.23908999999998,238.91908999999998,33312.18,238.91908999999998,230.23908999999998,238.91908999999998,True,33,44534,702,107410,False,Debit,2005
954,0.0,392.0875,392.0875,Debit/prepaid only,0.0,False,True,4,0.0,Debit,392.0875,331.34749999999997,392.0875,71849.0,392.0875,331.34749999999997,392.0875,True,51,37963,772,102716,False,Debit,2009
832,0.0,533.178815,533.178815,Credit-primary,0.6206572244638974,True,True,3,10900.0,Premium credit,533.178815,526.448815,533.178815,43434.78,533.178815,526.448815,533.178815,True,40,50329,625,76759,False,Debit,2007
1046,190.0,619.89757,809.89757,Mixed,0.4712879048343064,True,True,4,13000.0,Premium credit,619.89757,604.03757,619.89757,75215.34,809.89757,794.03757,809.89757,True,44,36715,547,74022,False,Core credit,1998
630,0.0,483.062145,483.062145,Debit/prepaid only,0.0,False,True,3,0.0,Debit,483.062145,218.962145,483.062145,153592.29,483.062145,218.962145,483.062145,True,60,39521,491,61861,False,Debit,2002
1561,0.0,775.4629949999999,775.4629949999999,Credit-primary,0.6525669437131635,True,True,4,17900.0,Premium credit,775.462995,729.642995,775.462995,67704.64,775.462995,729.642995,775.462995,True,78,51014,759,23366,False,Debit,1997
1548,0.0,0.0,0.0,Dormant,,False,True,3,0.0,Debit,0.0,0.0,0.0,0.0,0.0,0.0,0.0,False,41,73067,721,6332,False,Prepaid,2000
221,0.0,0.0,0.0,Dormant,,False,True,4,0.0,Debit,0.0,0.0,0.0,0.0,0.0,0.0,0.0,False,63,44183,850,89852,False,Debit,2003
1328,0.0,0.0,0.0,Dormant,,True,False,1,1000.0,Core credit,0.0,0.0,0.0,0.0,0.0,0.0,0.0,False,28,84987,600,162718,False,Core credit,2013
1901,0.0,149.70509,149.70509,Debit/prepaid only,0.0,False,True,3,0.0,Debit,149.70508999999998,148.88509,263.522675,61964.35,149.70508999999998,148.88509,263.522675,True,63,33728,730,107287,False,Prepaid,2007
665,0.0,548.2159999999999,548.2159999999999,Mixed,0.4437987606125302,True,True,8,9500.0,Core credit,548.216,472.126,548.216,49976.3,548.216,472.126,548.216,True,81,11613,790,427,False,Debit,1998
442,0.0,326.76059,326.76059,Debit/prepaid only,0.0,False,True,5,0.0,Debit,326.76059,315.49059,326.76059,79512.18000000001,326.76059,315.49059,326.76059,True,47,48600,791,23992,False,Debit,2006
1626,95.0,1332.9901799999998,1427.9901799999998,Credit-primary,1.0,True,False,1,7200.0,Core credit,1332.99018,1180.71018,1332.99018,76175.01,1427.99018,1275.71018,1427.99018,True,58,60292,531,114223,True,Core credit,2005
1539,0.0,0.0,0.0,Dormant,,True,False,1,21700.0,Premium credit,0.0,0.0,0.0,0.0,0.0,0.0,0.0,False,42,58034,676,129546,False,Premium credit,2008
601,0.0,289.335925,289.335925,Credit-primary,0.5203566145972185,True,True,6,10800.0,Premium credit,289.335925,273.425925,341.47638,29557.96,289.335925,273.425925,341.47638,True,68,43004,761,15304,False,Premium credit,1999
541,0.0,0.0,0.0,Dormant,,True,False,1,12200.0,Premium credit,0.0,0.0,0.0,0.0,0.0,0.0,0.0,False,51,29144,645,35268,False,Premium credit,2003
210,0.0,0.0,0.0,Dormant,,True,False,1,3700.0,Core credit,0.0,0.0,0.0,0.0,0.0,0.0,0.0,False,46,25850,630,56285,False,Core credit,2008
206,0.0,497.39382,497.39382,Credit-primary,1.0,True,False,1,11300.0,Premium credit,497.39382,436.91382,497.39382,31982.989999999998,497.39382,436.91382,497.39382,True,28,37583,782,51633,False,Premium credit,2010
115,0.0,946.4044449999998,946.4044449999998,Credit-primary,0.6536804593011031,True,True,4,20300.0,Premium credit,946.404445,861.504445,972.956805,77002.21,946.404445,861.504445,972.956805,True,61,101018,748,78115,False,Debit,2001
1779,0.0,247.438105,247.438105,Debit/prepaid only,0.0,False,True,2,0.0,Debit,247.43810499999998,234.038105,247.43810499999998,38037.21,247.43810499999998,234.038105,247.43810499999998,True,30,32125,733,58712,False,Debit,2010
248,0.0,124.618935,124.618935,Debit/prepaid only,0.0,False,True,4,0.0,Debit,124.618935,118.288935,124.618935,24032.87,124.618935,118.288935,124.618935,True,80,13596,684,352,False,Debit,1998
1003,0.0,2539.1838599999996,2539.1838599999996,Credit-primary,1.0,True,False,1,21000.0,Premium credit,2539.18386,1397.98386,2539.18386,147019.77,2539.18386,1397.98386,2539.18386,True,51,80526,632,117380,True,Premium credit,2013
118,0.0,379.357845,379.357845,Credit-primary,0.5588094243967888,True,True,3,6700.0,Core credit,379.357845,352.757845,379.357845,32883.59,379.357845,352.757845,379.357845,True,56,31533,753,42315,False,Core credit,1997
755,0.0,234.827745,234.827745,Mixed,0.4698882756048545,True,True,5,4900.0,Core credit,234.827745,173.57774500000002,234.827745,22576.09,234.827745,173.57774500000002,234.827745,True,74,23137,642,4871,False,Debit,2000
1432,0.0,697.7452450000001,697.7452450000001,Mixed,0.4673905294804221,True,True,4,19400.0,Premium credit,697.745245,687.745245,697.745245,61721.64,697.745245,687.745245,697.745245,True,42,69747,741,80763,False,Premium credit,1996
456,0.0,542.71461,542.71461,Mixed,0.3905433145948212,True,True,3,5800.0,Core credit,542.71461,540.68461,542.71461,54764.22,542.71461,540.68461,542.71461,True,54,34947,751,49024,False,Core credit,1998
623,0.0,135.978985,135.978985,Debit/prepaid only,0.0,False,True,3,0.0,Debit,135.978985,134.23898499999999,135.978985,45834.97,135.978985,134.23898499999999,135.978985,True,63,77961,616,39811,False,Debit,2004
47,0.0,328.28875,328.28875,Mixed,0.389954990951708,True,True,4,10500.0,Premium credit,328.28875,328.28875,405.251755,38079.01,328.28875,328.28875,405.251755,True,47,25434,712,45540,False,Debit,2001
760,95.0,568.5331600000001,663.5331600000001,Mixed,0.4924355354763211,True,True,3,9100.0,Core credit,568.53316,397.87316,637.941615,55920.68,663.53316,492.87316,732.941615,True,56,37558,778,72514,False,Core credit,2007
956,0.0,0.0,0.0,Dormant,,False,True,1,0.0,Debit,0.0,0.0,0.0,0.0,0.0,0.0,0.0,False,30,47110,804,57159,False,Debit,2008
194,0.0,455.09408,455.09408,Mixed,0.4546935176976693,True,True,4,8300.0,Core credit,455.09408,404.79408,455.09408,61521.66,455.09408,404.79408,455.09408,True,52,30681,746,81680,False,Debit,1998
1246,0.0,394.12662,394.12662,Credit-primary,0.5019328446417697,True,True,3,8500.0,Core credit,394.12662,373.93662,394.12662,36159.14,394.12662,373.93662,394.12662,True,49,31008,713,60527,False,Debit,2004
641,0.0,443.136125,443.136125,Debit/prepaid only,0.0,True,True,6,11000.0,Premium credit,443.136125,429.686125,443.136125,71163.25,443.136125,429.686125,443.136125,True,62,37556,735,0,False,Debit,2000
1060,0.0,319.89638499999995,319.89638499999995,Mixed,0.4995782061262239,True,True,5,10600.0,Premium credit,319.896385,247.396385,358.380175,35005.25,319.896385,247.396385,358.380175,True,76,21547,785,16040,False,Core credit,2008
245,95.0,0.0,95.0,Dormant,,True,False,1,8900.0,Core credit,0.0,0.0,0.0,0.0,95.0,95.0,95.0,False,39,58774,528,94053,False,Core credit,2007
774,0.0,166.441635,166.441635,Debit/prepaid only,0.0,False,True,2,0.0,Debit,166.441635,152.901635,166.441635,33315.27,166.441635,152.901635,166.441635,True,46,33395,588,57774,False,Debit,2005
1822,95.0,0.0,95.0,Dormant,,True,True,4,5900.0,Core credit,0.0,0.0,0.0,0.0,95.0,95.0,95.0,False,87,22894,767,1501,False,Debit,2006
1209,95.0,1294.64241,1389.64241,Credit-primary,0.5930497971593828,True,True,6,19400.0,Premium credit,1294.64241,1269.6624100000001,1332.68504,109600.83,1389.64241,1364.6624100000001,1427.68504,True,45,63815,699,4832,True,Debit,2003
997,95.0,987.31386,1082.3138599999995,Credit-primary,0.5960214900245193,True,False,4,17100.0,Premium credit,987.31386,980.47386,1412.88431,96727.67,1082.31386,1075.47386,1507.88431,True,57,54963,675,105623,True,Core credit,2005
1180,0.0,1163.26998,1163.26998,Credit-primary,1.0,True,False,1,11200.0,Premium credit,1163.26998,1107.46998,1163.26998,69039.11,1163.26998,1107.46998,1163.26998,True,28,35940,595,54354,True,Premium credit,2011
318,0.0,0.0,0.0,Dormant,,True,True,4,7500.0,Core credit,0.0,0.0,0.0,0.0,0.0,0.0,0.0,False,62,36911,724,93367,False,Debit,1997
691,0.0,0.0,0.0,Dormant,,False,True,1,0.0,Debit,0.0,0.0,0.0,0.0,0.0,0.0,0.0,False,34,44838,561,109951,False,Debit,2007
1993,0.0,201.633955,201.633955,Debit/prepaid only,0.0,True,True,6,19500.0,Premium credit,201.633955,198.173955,201.633955,63583.909999999996,201.633955,198.173955,201.633955,True,59,92785,786,122254,False,Premium credit,2005
252,0.0,642.4741799999999,642.4741799999999,Mixed,0.4397021127511974,True,True,6,10700.0,Premium credit,642.47418,551.94418,666.65985,59512.45,642.47418,551.94418,666.65985,True,67,34985,723,29409,False,Premium credit,2002
1757,0.0,324.676115,324.676115,Mixed,0.4919191898918455,True,True,4,13200.0,Premium credit,324.676115,324.676115,324.676115,29894.28,324.676115,324.676115,324.676115,True,39,42086,784,79530,False,Premium credit,2007
1324,0.0,697.3526149999999,697.3526149999999,Credit-primary,0.5503375571378557,True,True,4,12500.0,Premium credit,697.352615,636.172615,697.352615,64895.68,697.352615,636.172615,697.352615,True,45,38872,663,94970,False,Premium credit,2001
1557,95.0,265.983385,360.983385,Credit-primary,0.558082960571476,True,True,3,19000.0,Premium credit,265.983385,205.84338499999998,265.983385,23862.42,360.983385,300.843385,360.983385,True,50,48295,707,109558,False,Debit,2004
1555,0.0,534.4565399999999,534.4565399999999,Credit-primary,0.8887712226651535,True,False,2,2300.0,Core credit,534.45654,430.77653999999995,563.403,37138.95,534.45654,430.77653999999995,563.403,True,28,39708,717,113715,False,Prepaid,2011
941,0.0,0.0,0.0,Dormant,,False,True,1,0.0,Debit,0.0,0.0,0.0,0.0,0.0,0.0,0.0,False,56,45416,713,82611,False,Debit,2003
156,95.0,508.62222,603.62222,Credit-primary,1.0,True,False,3,6900.0,Core credit,508.62222,508.62222,508.62222,32830.79,603.62222,603.62222,603.62222,True,36,28007,691,0,False,Core credit,2005
24,0.0,196.12018,196.12018,Debit/prepaid only,0.0,False,True,1,0.0,Debit,196.12018,184.60018,196.12018,34140.36,196.12018,184.60018,196.12018,True,48,38554,708,47186,False,Debit,2002
302,0.0,0.0,0.0,Dormant,,False,True,1,0.0,Debit,0.0,0.0,0.0,0.0,0.0,0.0,0.0,False,27,37384,706,120327,False,Debit,2013
949,0.0,766.77556,766.77556,Credit-primary,0.5526544176824237,True,True,2,8000.0,Core credit,766.7755599999999,727.57556,766.7755599999999,65332.22,766.7755599999999,727.57556,766.7755599999999,True,29,63684,709,96864,False,Debit,2010
1281,0.0,158.4665,158.4665,Credit-primary,0.5048278474291135,True,True,6,10100.0,Premium credit,158.4665,148.5465,172.397995,16685.49,158.4665,148.5465,172.397995,True,92,26546,689,2480,False,Prepaid,2003
1428,0.0,0.0,0.0,Debit/prepaid only,0.0,False,False,1,0.0,Prepaid,0.0,0.0,337.06819,13442.38,0.0,0.0,337.06819,True,35,28472,508,42750,False,Prepaid,2008
433,95.0,482.2392249999999,577.2392249999999,Credit-primary,0.5078949922552044,True,True,6,12600.0,Premium credit,482.239225,471.339225,559.0468549999999,45540.26,577.239225,566.3392249999999,654.0468549999999,True,49,31957,771,12347,False,Debit,2006
584,95.0,315.68971,410.68971,Mixed,0.4175472647100205,True,True,3,9300.0,Core credit,315.68971,310.01971,315.68971,24236.37,410.68971,405.01971,410.68971,True,61,29195,743,64881,False,Debit,2004
1832,0.0,0.0,0.0,Dormant,,True,True,2,11700.0,Premium credit,0.0,0.0,0.0,0.0,0.0,0.0,0.0,False,36,36372,684,79220,False,Premium credit,2003
222,0.0,127.469365,127.469365,Debit/prepaid only,0.0,False,True,3,0.0,Debit,127.469365,126.039365,127.469365,67989.73,127.469365,126.039365,127.469365,True,48,93417,714,115916,False,Debit,2006
648,0.0,259.19352,259.19352,Credit-primary,1.0,True,False,3,9200.0,Core credit,259.19352000000003,234.71352000000002,259.19352000000003,16761.64,259.19352000000003,234.71352000000002,259.19352000000003,True,40,29854,674,66044,False,Core credit,2004
1889,0.0,0.0,0.0,Dormant,,True,True,5,11400.0,Premium credit,0.0,0.0,0.0,0.0,0.0,0.0,0.0,False,66,47972,748,0,False,Debit,2004
1229,0.0,635.279545,635.279545,Credit-primary,0.6443423642004265,True,True,5,12600.0,Premium credit,635.279545,620.329545,656.36937,54001.09,635.279545,620.329545,656.36937,True,50,49350,713,20942,False,Premium credit,2002
505,0.0,0.0,0.0,Dormant,,False,True,2,0.0,Debit,0.0,0.0,0.0,0.0,0.0,0.0,0.0,False,39,30383,609,58466,False,Debit,2007
1083,0.0,1177.8265149999995,1177.8265149999995,Credit-primary,0.5043524545081363,True,True,4,11300.0,Premium credit,1177.826515,678.086515,1177.826515,99780.48,1177.826515,678.086515,1177.826515,True,44,38568,756,66300,True,Debit,2004
1656,0.0,144.60273999999998,144.60273999999998,Debit/prepaid only,0.0,False,True,1,0.0,Debit,144.60273999999998,138.60273999999998,144.60273999999998,18674.48,144.60273999999998,138.60273999999998,144.60273999999998,True,35,41141,706,81016,False,Debit,2015
1373,31.666666666666668,0.0,31.666666666666668,Dormant,,True,False,1,11000.0,Premium credit,0.0,0.0,0.0,0.0,31.666666666666668,31.666666666666668,31.666666666666668,False,35,34181,764,50668,False,Premium credit,2005
667,0.0,332.52000999999996,332.52000999999996,Debit/prepaid only,0.0,False,True,5,0.0,Debit,332.52001,318.97001,332.52001,69489.02,332.52001,318.97001,332.52001,True,83,41763,714,2279,False,Debit,2004
480,0.0,779.896445,779.896445,Credit-primary,0.5944585604802329,True,True,6,30800.0,Premium credit,779.896445,749.656445,831.89363,70912.26,779.896445,749.656445,831.89363,True,50,86113,713,177353,False,Premium credit,2004
569,0.0,487.10682,487.10682,Credit-primary,1.0,True,False,1,5900.0,Core credit,487.10682,472.70682,487.10682,32692.49,487.10682,472.70682,487.10682,True,52,45625,662,81136,False,Core credit,2016
1600,0.0,248.645445,248.645445,Debit/prepaid only,0.0,False,True,3,0.0,Debit,248.645445,242.085445,248.645445,63299.89,248.645445,242.085445,248.645445,True,62,101193,747,124771,False,Debit,2006
1063,95.0,759.379885,854.379885,Mixed,0.444952922902404,True,True,4,9800.0,Core credit,759.379885,754.479885,759.379885,68795.66,854.379885,849.479885,854.379885,True,64,37898,716,36994,False,Debit,2000
32,0.0,178.311255,178.311255,Debit/prepaid only,0.0,True,True,4,11600.0,Premium credit,178.311255,172.00125500000001,178.311255,30364.51,178.311255,172.00125500000001,178.311255,True,82,52315,695,3174,False,Debit,2002
396,0.0,0.0,0.0,Dormant,,True,True,5,36900.0,Premium credit,0.0,0.0,0.0,0.0,0.0,0.0,0.0,False,89,50341,735,3270,False,Premium credit,2003
1498,0.0,77.80426,77.80426,Debit/prepaid only,0.0,False,True,3,0.0,Debit,77.80426,75.80426,192.32852,47050.04,77.80426,75.80426,192.32852,True,47,50790,726,3547,False,Prepaid,2002
104,0.0,773.20404,773.20404,Credit-primary,1.0,True,False,2,8000.0,Core credit,773.20404,746.92404,773.20404,47045.78,773.20404,746.92404,773.20404,True,33,37384,713,49182,False,Core credit,2007
1062,0.0,0.0,0.0,Dormant,,False,True,1,0.0,Debit,0.0,0.0,0.0,0.0,0.0,0.0,0.0,False,58,35274,708,35234,False,Debit,2011
1657,0.0,0.0,0.0,Dormant,,True,False,1,7800.0,Core credit,0.0,0.0,0.0,0.0,0.0,0.0,0.0,False,35,26201,655,42551,False,Core credit,2007
1106,95.0,278.489955,373.489955,Debit/prepaid only,0.0,True,True,3,11000.0,Premium credit,278.489955,275.84995499999997,278.489955,33825.909999999996,373.489955,370.84995499999997,373.489955,True,62,20783,699,23623,False,Debit,2008
1867,0.0,0.0,0.0,Dormant,,False,False,1,0.0,Prepaid,0.0,0.0,0.0,0.0,0.0,0.0,0.0,False,33,43968,644,71218,False,Prepaid,2007
1045,0.0,0.0,0.0,Dormant,,False,False,1,0.0,Prepaid,0.0,0.0,0.0,0.0,0.0,0.0,0.0,False,27,33778,757,10058,False,Prepaid,2011
1786,0.0,551.45152,551.45152,Mixed,0.406545058304406,True,True,5,18400.0,Premium credit,551.45152,545.40152,551.45152,44343.99,551.45152,545.40152,551.45152,True,48,38611,755,93255,False,Debit,2002
1569,0.0,420.1325849999999,420.1325849999999,Mixed,0.4615909507019178,True,True,4,10300.0,Premium credit,420.132585,252.922585,420.132585,44404.770000000004,420.132585,252.922585,420.132585,True,68,39082,722,16870,False,Premium credit,1993
899,0.0,0.0,0.0,Dormant,,False,True,1,0.0,Debit,0.0,0.0,0.0,0.0,0.0,0.0,0.0,False,29,47891,629,114299,False,Debit,2011
1595,0.0,1768.56486,1768.56486,Credit-primary,0.5891179145961365,True,True,2,12700.0,Premium credit,1768.56486,1752.1448599999999,1768.56486,138529.33000000002,1768.56486,1752.1448599999999,1768.56486,True,47,52063,753,87549,True,Debit,2002
53,95.0,973.0632199999998,1068.0632199999998,Mixed,0.4721224302168387,True,True,3,14800.0,Premium credit,973.06322,916.94322,973.06322,105898.04,1068.06322,1011.94322,1068.06322,True,49,39700,701,59062,True,Premium credit,2004
551,0.0,0.0,0.0,Dormant,,True,True,3,400.0,Core credit,0.0,0.0,0.0,0.0,0.0,0.0,0.0,False,65,39543,776,53182,False,Core credit,2007
1491,0.0,0.0,0.0,Dormant,,True,True,4,5100.0,Core credit,0.0,0.0,0.0,0.0,0.0,0.0,0.0,False,41,46209,710,56034,False,Core credit,1997
330,0.0,0.0,0.0,Dormant,,False,True,1,0.0,Debit,0.0,0.0,0.0,0.0,0.0,0.0,0.0,False,36,64419,711,183210,False,Debit,2010
392,0.0,0.0,0.0,Dormant,,True,True,3,14100.0,Premium credit,0.0,0.0,0.0,0.0,0.0,0.0,0.0,False,50,33098,775,59605,False,Debit,1998
1144,0.0,793.314165,793.314165,Mixed,0.4142283035415376,True,True,4,8100.0,Core credit,793.314165,751.2641649999999,793.314165,70375.08,793.314165,751.2641649999999,793.314165,True,57,30495,773,70825,False,Debit,2004
1163,95.0,543.9628799999999,638.9628799999999,Credit-primary,0.9290105286657804,True,False,3,26900.0,Premium credit,543.96288,520.92288,575.73569,37267.78,638.96288,615.92288,670.73569,True,45,67170,489,114251,False,Prepaid,2004
230,190.0,318.54010999999997,508.54011,Credit-primary,0.5739823989024526,True,True,4,8700.0,Core credit,318.54011,318.54011,318.54011,29053.87,508.54011,508.54011,508.54011,True,39,35501,693,78801,False,Core credit,2003
1066,0.0,440.659285,440.659285,Debit/prepaid only,0.0,False,True,2,0.0,Debit,440.659285,188.399285,440.659285,133265.57,440.659285,188.399285,440.659285,True,46,54124,727,0,False,Debit,2007
460,0.0,285.56834,285.56834,Debit/prepaid only,0.0,False,True,4,0.0,Debit,285.56834,278.28834,285.56834,68371.68,285.56834,278.28834,285.56834,True,65,40957,608,64144,False,Debit,2003
1661,0.0,0.0,0.0,Dormant,,True,True,2,25600.0,Premium credit,0.0,0.0,0.0,0.0,0.0,0.0,0.0,False,42,72478,728,63078,False,Premium credit,2009
1926,0.0,436.662655,436.662655,Credit-primary,0.5602879333873755,True,True,3,9100.0,Core credit,436.662655,431.722655,436.662655,35231.76,436.662655,431.722655,436.662655,True,70,26574,689,5244,False,Core credit,2005
27,0.0,426.95710999999994,426.95710999999994,Mixed,0.4857336754620379,True,True,7,13100.0,Premium credit,426.95711,386.02711,453.886395,44751.19,426.95711,386.02711,453.886395,True,78,23821,613,22427,False,Core credit,2001
365,0.0,0.0,0.0,Dormant,,False,True,1,0.0,Debit,0.0,0.0,0.0,0.0,0.0,0.0,0.0,False,55,38165,719,45891,False,Debit,2004
50,0.0,313.7053599999999,313.7053599999999,Credit-primary,0.5106649586519263,True,True,4,12700.0,Premium credit,313.70536,313.70536,313.70536,28618.02,313.70536,313.70536,313.70536,True,68,39238,702,85457,False,Debit,2006
743,0.0,129.823105,129.823105,Debit/prepaid only,0.0,False,True,2,0.0,Debit,129.823105,119.863105,129.823105,31574.21,129.823105,119.863105,129.823105,True,44,32491,682,24515,False,Debit,2003
940,95.0,246.152065,341.152065,Debit/prepaid only,0.0,True,True,6,15400.0,Premium credit,246.152065,240.312065,246.152065,45121.13,341.152065,335.31206499999996,341.152065,True,49,41800,699,67836,False,Debit,2003
534,0.0,327.84537,327.84537,Debit/prepaid only,0.0,False,True,2,0.0,Debit,327.84537,248.42537,327.84537,67612.74,327.84537,248.42537,327.84537,True,27,60510,790,23196,False,Debit,2011
59,0.0,416.392445,416.392445,Credit-primary,0.5129798607438335,True,True,6,9300.0,Core credit,416.392445,388.462445,456.829235,32275.77,416.392445,388.462445,456.829235,True,85,25066,695,424,False,Core credit,2000
1908,95.0,1309.6722049999998,1404.6722049999998,Credit-primary,0.5900326762134093,True,True,5,14900.0,Premium credit,1309.672205,1297.172205,1378.13945,120515.8,1404.672205,1392.172205,1473.13945,True,78,44469,733,12777,True,Debit,2004
992,0.0,573.56261,573.56261,Credit-primary,0.5403211939823689,True,True,4,20800.0,Premium credit,573.56261,560.67261,573.56261,53563.27,573.56261,560.67261,573.56261,True,46,54881,700,3584,False,Premium credit,1996
198,95.0,332.95214999999996,427.95215,Credit-primary,0.5078437601105915,True,True,3,8200.0,Core credit,332.95215,311.82214999999997,332.95215,33999.0,427.95215,406.82214999999997,427.95215,True,49,31497,702,30805,False,Core credit,1998
1813,0.0,1163.55978,1163.55978,Credit-primary,0.9365200709001824,True,False,4,13500.0,Premium credit,1163.55978,1151.31978,1244.28179,76733.23,1163.55978,1151.31978,1244.28179,True,35,56350,808,120125,True,Premium credit,2005
1989,95.0,1700.059855,1795.059855,Credit-primary,0.6983667492669291,True,True,3,21200.0,Premium credit,1700.059855,1620.249855,1700.059855,121908.41,1795.059855,1715.249855,1795.059855,True,31,67886,803,7137,True,Premium credit,2007
1148,95.0,421.268025,516.268025,Mixed,0.4588939958233036,True,True,3,9400.0,Core credit,421.26802499999997,417.378025,421.26802499999997,42665.3,516.268025,512.378025,516.268025,True,54,36711,687,47490,False,Core credit,2004
872,0.0,762.72139,762.72139,Credit-primary,0.5307901204145513,True,True,4,7400.0,Core credit,762.7213899999999,407.30138999999997,762.7213899999999,61764.13,762.7213899999999,407.30138999999997,762.7213899999999,True,61,31505,655,59730,False,Debit,2004
458,0.0,82.862615,82.862615,Debit/prepaid only,0.0,False,True,2,0.0,Debit,82.86261499999999,80.22261499999999,101.279155,39662.31,82.86261499999999,80.22261499999999,101.279155,True,46,49068,530,123937,False,Prepaid,2006
920,95.0,252.25974,347.25973999999997,Credit-primary,1.0,True,False,2,10000.0,Premium credit,252.25974000000002,211.93974,252.25974000000002,16877.43,347.25974,306.93974000000003,347.25974,True,41,28704,700,103891,False,Core credit,2005
1598,0.0,201.834245,201.834245,Mixed,0.471553996823168,True,True,5,8700.0,Core credit,201.834245,199.144245,201.834245,19314.84,201.834245,199.144245,201.834245,True,82,26126,697,1213,False,Core credit,2008
1876,0.0,312.58248000000003,312.58248000000003,Credit-primary,0.6250372516292665,True,True,6,9800.0,Core credit,312.58248,312.58248,312.58248,29830.91,312.58248,312.58248,312.58248,True,50,44587,775,17148,False,Debit,1998
190,0.0,429.544645,429.544645,Debit/prepaid only,0.0,True,True,5,17700.0,Premium credit,429.544645,417.64464499999997,429.544645,108514.91,429.544645,417.64464499999997,429.544645,True,40,44452,711,12409,False,Debit,2005
163,0.0,0.0,0.0,Dormant,,False,True,2,0.0,Debit,0.0,0.0,0.0,0.0,0.0,0.0,0.0,False,37,33108,829,44044,False,Debit,2003
567,0.0,0.0,0.0,Dormant,,True,False,1,3300.0,Core credit,0.0,0.0,0.0,0.0,0.0,0.0,0.0,False,25,33534,761,76166,False,Core credit,2015
503,0.0,0.0,0.0,Debit/prepaid only,0.0,False,False,2,0.0,Prepaid,0.0,0.0,219.92319999999998,19693.4,0.0,0.0,219.92319999999998,True,47,29564,694,54279,False,Prepaid,2006
469,0.0,697.6017649999999,697.6017649999999,Credit-primary,0.6284697446964028,True,True,4,13700.0,Premium credit,697.601765,697.601765,697.601765,56311.78,697.601765,697.601765,697.601765,True,67,46945,682,17835,False,Debit,2006
1851,0.0,126.27538,126.27538,Debit/prepaid only,0.0,True,True,5,21800.0,Premium credit,126.27538,112.48537999999999,141.47854999999998,52208.1,126.27538,112.48537999999999,141.47854999999998,True,48,75682,727,37163,False,Prepaid,2005
1523,0.0,324.922785,324.922785,Credit-primary,0.5414930805336423,True,True,4,9600.0,Core credit,324.92278500000003,302.342785,324.92278500000003,25508.47,324.92278500000003,302.342785,324.92278500000003,True,61,39661,850,74740,False,Debit,2002
317,0.0,0.0,0.0,Dormant,,True,True,3,9300.0,Core credit,0.0,0.0,0.0,0.0,0.0,0.0,0.0,True,67,19199,715,15091,False,Debit,2004
1195,0.0,673.94841,673.94841,Mixed,0.4752124952005,True,True,6,12100.0,Premium credit,673.94841,645.49841,673.94841,63392.02,673.94841,645.49841,673.94841,True,75,40696,801,15691,False,Debit,2000
1238,0.0,1787.8561199999997,1787.8561199999997,Credit-primary,1.0,True,False,1,22500.0,Premium credit,1787.85612,1758.33612,1787.85612,105300.34,1787.85612,1758.33612,1787.85612,True,31,96661,721,73401,True,Premium credit,2009
432,0.0,599.3960549999999,599.3960549999999,Credit-primary,0.5504001071912391,True,True,5,5800.0,Core credit,599.396055,588.126055,599.396055,55377.66,599.396055,588.126055,599.396055,True,55,26546,686,32087,False,Debit,2008
1082,0.0,668.0024999999999,668.0024999999999,Credit-primary,1.0,True,False,2,11400.0,Premium credit,668.0025,297.2025,668.0025,40929.25,668.0025,297.2025,668.0025,True,34,33934,622,42945,False,Premium credit,2005
120,0.0,102.406115,102.406115,Debit/prepaid only,0.0,True,True,4,21500.0,Premium credit,102.406115,91.30611499999999,102.406115,36130.229999999996,102.406115,91.30611499999999,102.406115,True,50,61008,781,0,False,Debit,2004
1289,0.0,0.0,0.0,Dormant,,False,False,1,0.0,Prepaid,0.0,0.0,0.0,0.0,0.0,0.0,0.0,True,33,42808,758,117011,False,Prepaid,2010
1497,0.0,217.327645,217.327645,Debit/prepaid only,0.0,False,True,1,0.0,Debit,217.327645,202.92764499999998,217.327645,47141.29,217.327645,202.92764499999998,217.327645,True,55,35553,623,76077,False,Debit,1999
1047,0.0,273.97916,273.97916,Debit/prepaid only,0.0,False,True,1,0.0,Debit,273.97916,264.57916,273.97916,66991.32,273.97916,264.57916,273.97916,True,26,53554,689,119852,False,Debit,2012
0,0.0,735.40595,735.40595,Credit-primary,0.5304661273953436,True,True,2,17600.0,Premium credit,735.40595,707.20595,735.40595,66608.4,735.40595,707.20595,735.40595,True,33,59613,763,36199,False,Premium credit,2007
351,0.0,329.962585,329.962585,Credit-primary,0.524715735807707,True,True,5,7200.0,Core credit,329.962585,283.212585,363.300995,29641.44,329.962585,283.212585,363.300995,True,91,17150,807,375,False,Debit,2001
1797,0.0,856.422075,856.422075,Debit/prepaid only,0.0,False,True,5,0.0,Debit,856.422075,841.8320749999999,856.422075,173506.15,856.422075,841.8320749999999,856.422075,True,67,30962,743,15336,False,Debit,2007
1386,0.0,0.0,0.0,Dormant,,False,True,1,0.0,Debit,0.0,0.0,0.0,0.0,0.0,0.0,0.0,False,59,37927,712,79299,False,Debit,2007
1122,0.0,0.0,0.0,Dormant,,False,True,1,0.0,Debit,0.0,0.0,0.0,0.0,0.0,0.0,0.0,False,33,69706,785,97070,False,Debit,2013
703,0.0,0.0,0.0,Dormant,,True,True,4,8100.0,Core credit,0.0,0.0,0.0,0.0,0.0,0.0,0.0,False,53,40363,711,111112,False,Debit,2004
1919,0.0,761.664445,761.664445,Credit-primary,0.5670263468312514,True,True,4,17400.0,Premium credit,761.664445,759.224445,761.664445,63979.99,761.664445,759.224445,761.664445,True,83,80493,610,2027,False,Debit,2005
791,190.0,480.28248,670.28248,Credit-primary,1.0,True,True,4,10100.0,Premium credit,480.28247999999996,463.36248,480.28247999999996,30758.36,670.28248,653.36248,670.28248,True,78,39263,645,24246,False,Debit,2006
199,0.0,235.62445,235.62445,Debit/prepaid only,0.0,True,True,3,16900.0,Premium credit,235.62445,227.20444999999998,235.62445,49751.9,235.62445,227.20444999999998,235.62445,True,67,78329,720,40161,False,Debit,2004
282,0.0,264.1538,264.1538,Mixed,0.4497395250379791,True,True,4,8100.0,Core credit,264.1538,261.2738,264.1538,23006.05,264.1538,261.2738,264.1538,True,42,25585,702,59827,False,Debit,2005
908,0.0,194.64265,194.64265,Debit/prepaid only,0.0,False,True,3,0.0,Debit,194.64265,191.46265,194.64265,34906.3,194.64265,191.46265,194.64265,True,62,46256,650,106753,False,Debit,2003
880,95.0,0.0,95.0,Dormant,,True,False,1,9500.0,Core credit,0.0,0.0,0.0,0.0,95.0,95.0,95.0,False,28,39354,685,26700,False,Core credit,2010
770,0.0,0.0,0.0,Dormant,,True,True,3,20400.0,Premium credit,0.0,0.0,0.0,0.0,0.0,0.0,0.0,False,35,60746,706,88165,False,Premium credit,2007
1169,0.0,1512.62377,1512.62377,Mixed,0.4519541314275755,True,True,7,28300.0,Premium credit,1512.62377,1461.12377,1512.62377,139831.69,1512.62377,1461.12377,1512.62377,True,51,61901,726,29627,True,Premium credit,1999
1736,0.0,763.915495,763.915495,Mixed,0.415271331617522,True,True,4,9100.0,Core credit,763.915495,762.995495,763.915495,86132.24,763.915495,762.995495,763.915495,True,43,45789,695,94014,False,Debit,2006
506,0.0,908.1745,908.1745,Credit-primary,0.5243250877713118,True,True,5,14900.0,Premium credit,908.1745,888.7745,908.1745,82131.05,908.1745,888.7745,908.1745,True,56,52841,733,36288,False,Premium credit,2001
249,0.0,293.760165,293.760165,Mixed,0.3987774401553954,True,True,6,9300.0,Core credit,293.76016500000003,274.190165,293.76016500000003,28654.63,293.76016500000003,274.190165,293.76016500000003,True,42,29835,618,46702,False,Core credit,2007
1279,0.0,333.21027499999997,333.21027499999997,Debit/prepaid only,0.0,False,True,4,0.0,Debit,333.21027499999997,325.740275,333.21027499999997,59344.55,333.21027499999997,325.740275,333.21027499999997,True,78,62103,509,33545,False,Debit,2000
1652,0.0,201.09724999999997,201.09724999999997,Debit/prepaid only,0.0,False,True,3,0.0,Debit,201.09725,189.70725,201.09725,38273.5,201.09725,189.70725,201.09725,True,51,42749,728,53471,False,Debit,2011
739,0.0,0.0,0.0,Dormant,,True,False,1,6900.0,Core credit,0.0,0.0,0.0,0.0,0.0,0.0,0.0,False,38,69171,622,102537,False,Core credit,2008
1475,0.0,453.91213,453.91213,Debit/prepaid only,0.0,False,True,5,0.0,Debit,453.91213,443.98213,453.91213,64041.26,453.91213,443.98213,453.91213,True,98,42306,725,472,False,Debit,1998
1251,0.0,209.57976,209.57976,Debit/prepaid only,0.0,False,True,2,0.0,Debit,209.57976,205.49975999999998,269.23546,46206.92,209.57976,205.49975999999998,269.23546,True,29,42150,750,39663,False,Prepaid,2009
592,0.0,742.1290099999999,742.1290099999999,Mixed,0.4968729441418124,True,True,5,5600.0,Core credit,742.12901,401.13901,742.12901,54615.27,742.12901,401.13901,742.12901,True,68,23993,714,2573,False,Debit,2000
692,0.0,383.6777,383.6777,Mixed,0.481252189420719,True,True,4,10000.0,Premium credit,383.6777,371.2477,383.6777,34541.1,383.6777,371.2477,383.6777,True,52,42701,701,53696,False,Debit,2004
1065,95.0,0.0,95.0,Dormant,,True,True,3,23900.0,Premium credit,0.0,0.0,0.0,0.0,95.0,95.0,95.0,False,41,56320,792,84614,False,Debit,2005
1764,0.0,339.61855999999995,339.61855999999995,Credit-primary,0.5574805506477819,True,True,3,8900.0,Core credit,339.61856,284.69856,339.61856,30201.52,339.61856,284.69856,339.61856,True,59,31550,710,26738,False,Core credit,2006
1830,0.0,495.0262399999999,495.0262399999999,Mixed,0.4321980472246738,True,True,3,10600.0,Premium credit,495.02624,481.55624,495.02624,47745.38,495.02624,481.55624,495.02624,True,56,32418,758,84507,False,Premium credit,1994
157,0.0,236.078695,236.078695,Debit/prepaid only,0.0,False,True,3,0.0,Debit,236.07869499999998,223.868695,236.07869499999998,47350.39,236.07869499999998,223.868695,236.07869499999998,True,47,32847,785,3230,False,Debit,1999
676,0.0,1151.17794,1151.17794,Credit-primary,1.0,True,True,2,9300.0,Core credit,1151.17794,1084.93794,1151.17794,70009.33,1151.17794,1084.93794,1151.17794,True,40,65053,775,83571,True,Debit,2009
1481,0.0,0.0,0.0,Dormant,,False,True,2,0.0,Debit,0.0,0.0,0.0,0.0,0.0,0.0,0.0,False,72,2422,632,810,False,Debit,2006
1902,95.0,445.219,540.219,Mixed,0.4296639426648603,True,True,2,12200.0,Premium credit,445.219,408.629,445.219,45766.0,540.219,503.629,540.219,True,36,32522,769,28260,False,Premium credit,2009
123,0.0,268.986195,268.986195,Debit/prepaid only,0.0,False,True,3,0.0,Debit,268.986195,254.626195,268.986195,35459.39,268.986195,254.626195,268.986195,True,43,36315,824,0,False,Debit,2009
1995,190.0,557.46837,747.46837,Credit-primary,0.5052305726398809,True,True,4,9700.0,Core credit,557.4683699999999,546.89837,557.4683699999999,46766.39,747.4683699999999,736.89837,747.4683699999999,True,64,39206,605,9219,False,Core credit,2003
1688,0.0,0.0,0.0,Dormant,,False,True,1,0.0,Debit,0.0,0.0,0.0,0.0,0.0,0.0,0.0,False,27,33641,743,40696,False,Debit,2018
1895,0.0,219.23833,219.23833,Debit/prepaid only,0.0,False,True,2,0.0,Debit,219.23833,218.68832999999998,219.23833,38041.66,219.23833,218.68832999999998,219.23833,True,56,40848,706,146608,False,Debit,2006
1891,0.0,433.2856949999999,433.2856949999999,Mixed,0.4855582599782123,True,True,4,13100.0,Premium credit,433.285695,377.35569499999997,433.285695,37929.64,433.285695,377.35569499999997,433.285695,True,47,34112,725,39842,False,Debit,2005
341,0.0,0.0,0.0,Dormant,,True,False,2,37600.0,Premium credit,0.0,0.0,0.0,0.0,0.0,0.0,0.0,False,50,104045,734,0,False,Prepaid,2004
1571,0.0,149.088925,149.088925,Debit/prepaid only,0.0,False,True,6,0.0,Debit,149.088925,145.258925,149.088925,45823.85,149.088925,145.258925,149.088925,True,58,51316,759,0,False,Debit,2003
1615,0.0,149.56134500000002,149.56134500000002,Debit/prepaid only,0.0,False,True,6,0.0,Debit,149.561345,147.94134499999998,149.561345,32279.69,149.561345,147.94134499999998,149.561345,True,66,48690,701,36262,False,Debit,2006
680,0.0,0.0,0.0,Dormant,,False,True,1,0.0,Debit,0.0,0.0,0.0,0.0,0.0,0.0,0.0,False,42,27354,799,42226,False,Debit,2004
52,0.0,501.8468,501.8468,Debit/prepaid only,0.0,False,True,3,0.0,Debit,501.8468,501.8468,501.8468,155023.6,501.8468,501.8468,501.8468,True,56,63796,730,82173,False,Debit,2002
1034,95.0,938.5068349999998,1033.5068349999997,Credit-primary,0.5437069776977822,True,True,6,13000.0,Premium credit,938.506835,897.696835,975.54045,88282.7,1033.5068350000001,992.696835,1070.54045,True,58,55569,698,76181,True,Debit,1998
677,0.0,647.8856049999999,647.8856049999999,Credit-primary,0.6014837374810689,True,True,3,23100.0,Premium credit,647.8856049999999,633.535605,647.8856049999999,54169.96,647.8856049999999,633.535605,647.8856049999999,True,40,67226,729,128174,False,Premium credit,2008
440,0.0,0.0,0.0,Dormant,,False,True,5,0.0,Debit,0.0,0.0,0.0,0.0,0.0,0.0,0.0,False,43,106159,703,144773,False,Debit,2001
338,0.0,294.22948499999995,294.22948499999995,Debit/prepaid only,0.0,False,True,3,0.0,Debit,294.229485,281.559485,294.229485,74464.97,294.229485,281.559485,294.229485,True,68,50258,686,0,False,Debit,2012
1120,0.0,0.0,0.0,Dormant,,True,False,1,21400.0,Premium credit,0.0,0.0,0.0,0.0,0.0,0.0,0.0,False,44,54981,737,121701,False,Premium credit,2010
1127,0.0,391.916965,391.916965,Debit/prepaid only,0.0,False,True,4,0.0,Debit,391.916965,379.046965,391.916965,61718.93,391.916965,379.046965,391.916965,True,59,35590,720,92603,False,Debit,2003
1662,0.0,387.87163,387.87163,Debit/prepaid only,0.0,False,True,4,0.0,Debit,387.87163,382.19163,387.87163,104505.26,387.87163,382.19163,387.87163,True,41,49967,712,58582,False,Debit,2003
1444,0.0,294.343165,294.343165,Debit/prepaid only,0.0,False,True,6,0.0,Debit,294.343165,281.143165,294.343165,101173.33,294.343165,281.143165,294.343165,True,64,66885,698,144703,False,Debit,2005
45,0.0,0.0,0.0,Debit/prepaid only,0.0,False,False,1,0.0,Prepaid,0.0,0.0,128.412935,12810.87,0.0,0.0,128.412935,True,61,63781,654,111808,False,Prepaid,2004
1102,95.0,1314.49885,1409.49885,Credit-primary,0.6537519093404247,True,True,5,26900.0,Premium credit,1314.49885,1267.01885,1384.93936,107163.97,1409.49885,1362.01885,1479.93936,True,49,94733,707,0,True,Debit,2000
1636,190.0,333.45561,523.45561,Mixed,0.4781796903057977,True,True,4,6900.0,Core credit,333.45561,279.20561,333.45561,28846.52,523.45561,469.20561,523.45561,True,49,24598,695,23019,False,Debit,2007
502,0.0,906.487855,906.487855,Mixed,0.4504159119955773,True,True,2,7900.0,Core credit,906.487855,895.187855,906.487855,76225.26,906.487855,895.187855,906.487855,True,46,36440,745,30574,False,Core credit,2001
5,0.0,101.02954,101.02954,Debit/prepaid only,0.0,False,True,2,0.0,Debit,101.02954,89.33954,101.02954,28437.079999999998,101.02954,89.33954,101.02954,True,65,20614,711,14042,False,Debit,2004
1712,0.0,384.12913,384.12913,Debit/prepaid only,0.0,False,True,5,0.0,Debit,384.12913,384.12913,384.12913,62742.26,384.12913,384.12913,384.12913,True,82,66999,730,3140,False,Debit,2004
1360,0.0,179.94242999999997,179.94242999999997,Mixed,0.424798033630121,True,True,3,9000.0,Core credit,179.94243,179.94243,179.94243,20630.91,179.94243,179.94243,179.94243,True,41,38874,672,64474,False,Core credit,2007
993,0.0,0.0,0.0,Dormant,,True,False,1,9500.0,Core credit,0.0,0.0,0.0,0.0,0.0,0.0,0.0,False,47,44789,638,94789,False,Core credit,2014
642,0.0,132.19213,132.19213,Debit/prepaid only,0.0,False,True,4,0.0,Debit,132.19213,119.66212999999999,132.19213,34798.26,132.19213,119.66212999999999,132.19213,True,35,34143,648,49839,False,Debit,2003
1871,0.0,191.268925,191.268925,Debit/prepaid only,0.0,False,True,4,0.0,Debit,191.268925,187.238925,191.268925,42505.85,191.268925,187.238925,191.268925,True,83,16611,696,1797,False,Debit,2002
1721,0.0,0.0,0.0,Dormant,,True,True,2,7200.0,Core credit,0.0,0.0,0.0,0.0,0.0,0.0,0.0,False,36,38496,642,64688,False,Core credit,2007
868,0.0,733.31619,733.31619,Credit-primary,0.5613348622384167,True,True,6,6800.0,Core credit,733.31619,406.83619,767.514255,67446.96,733.31619,406.83619,767.514255,True,78,31046,706,11436,False,Debit,2001
1517,0.0,721.7591249999999,721.7591249999999,Credit-primary,0.5826953994108893,True,True,3,24900.0,Premium credit,721.759125,673.449125,745.04075,61889.9,721.759125,673.449125,745.04075,True,37,123540,764,236393,False,Debit,2005
364,0.0,267.129865,267.129865,Debit/prepaid only,0.0,True,True,3,11700.0,Premium credit,267.129865,256.599865,267.129865,69034.73,267.129865,256.599865,267.129865,True,65,39809,775,0,False,Premium credit,2006
686,0.0,0.0,0.0,Dormant,,False,True,1,0.0,Debit,0.0,0.0,0.0,0.0,0.0,0.0,0.0,False,64,34576,683,81087,False,Debit,2007
696,0.0,276.94854499999997,276.94854499999997,Debit/prepaid only,0.0,True,True,7,25900.0,Premium credit,276.948545,263.758545,315.63224,106250.48,276.948545,263.758545,315.63224,True,74,110570,766,5700,False,Prepaid,2001
962,0.0,128.79939,128.79939,Debit/prepaid only,0.0,False,True,1,0.0,Debit,128.79939,127.82938999999999,128.79939,27125.78,128.79939,127.82938999999999,128.79939,True,28,34262,846,60506,False,Debit,2010
1407,0.0,511.831575,511.831575,Debit/prepaid only,0.0,True,True,4,8500.0,Core credit,511.831575,499.001575,511.831575,93199.15,511.831575,499.001575,511.831575,True,40,40473,689,54899,False,Debit,2002
1015,0.0,0.0,0.0,Dormant,,False,True,4,0.0,Debit,0.0,0.0,0.0,0.0,0.0,0.0,0.0,False,33,96744,838,128122,False,Prepaid,2007
1456,0.0,807.46565,807.46565,Credit-primary,0.514236419906798,True,True,3,7400.0,Core credit,807.46565,463.59565,807.46565,73088.6,807.46565,463.59565,807.46565,True,48,31231,681,40499,False,Debit,2008
1861,190.0,453.686215,643.686215,Credit-primary,0.5425377125639893,True,True,5,17300.0,Premium credit,453.686215,428.48621499999996,453.686215,42143.78,643.686215,618.4862149999999,643.686215,True,57,66427,779,103290,False,Premium credit,2008
161,0.0,279.25239999999997,279.25239999999997,Debit/prepaid only,0.0,False,True,2,0.0,Debit,279.25239999999997,275.0424,279.25239999999997,42488.799999999996,279.25239999999997,275.0424,279.25239999999997,True,31,23469,731,22976,False,Debit,2009
263,0.0,0.0,0.0,Dormant,,False,False,1,0.0,Prepaid,0.0,0.0,0.0,0.0,0.0,0.0,0.0,False,30,26519,663,63979,False,Prepaid,2008
1389,0.0,0.0,0.0,Dormant,,True,True,2,7900.0,Core credit,0.0,0.0,0.0,0.0,0.0,0.0,0.0,False,40,34799,793,72749,False,Core credit,2009
1707,0.0,0.0,0.0,Dormant,,False,True,1,0.0,Debit,0.0,0.0,0.0,0.0,0.0,0.0,0.0,False,28,35194,620,56006,False,Debit,2010
1855,0.0,570.1232699999999,570.1232699999999,Credit-primary,0.5533125954696607,True,True,3,13400.0,Premium credit,570.12327,525.84327,570.12327,50493.79,570.12327,525.84327,570.12327,True,67,31287,728,25844,False,Premium credit,2009
274,95.0,823.3072199999999,918.30722,Credit-primary,1.0,True,True,3,16500.0,Premium credit,823.30722,817.54722,823.30722,50348.29,918.30722,912.54722,918.30722,True,43,48810,799,0,False,Premium credit,2003
1552,0.0,170.159455,170.159455,Debit/prepaid only,0.0,True,True,3,11300.0,Premium credit,170.159455,163.729455,170.159455,59758.91,170.159455,163.729455,170.159455,True,62,45450,686,85218,False,Debit,2010
1526,0.0,248.207035,248.207035,Mixed,0.4876494413843266,True,True,4,7400.0,Core credit,248.207035,216.46703499999998,279.589365,25338.53,248.207035,216.46703499999998,279.589365,True,53,34137,671,80467,False,Core credit,2001
319,0.0,873.7331399999999,873.7331399999999,Credit-primary,1.0,True,False,1,6800.0,Core credit,873.73314,865.0931400000001,873.73314,50735.729999999996,873.73314,865.0931400000001,873.73314,True,67,28357,628,10400,False,Core credit,2010
740,0.0,0.0,0.0,Dormant,,False,True,1,0.0,Debit,0.0,0.0,0.0,0.0,0.0,0.0,0.0,False,30,32343,683,39656,False,Debit,2009
1421,0.0,66.794985,66.794985,Debit/prepaid only,0.0,False,True,2,0.0,Debit,66.794985,66.794985,101.248075,27805.15,66.794985,66.794985,101.248075,True,30,32985,740,32764,False,Debit,2012
1538,0.0,249.47354,249.47354,Debit/prepaid only,0.0,False,True,2,0.0,Debit,249.47353999999999,235.52354,249.47353999999999,43567.08,249.47353999999999,235.52354,249.47353999999999,True,82,23572,590,216,False,Debit,1998
1101,0.0,0.0,0.0,Dormant,,False,True,1,0.0,Debit,0.0,0.0,0.0,0.0,0.0,0.0,0.0,False,25,28862,751,20944,False,Debit,2015
92,0.0,518.365835,518.365835,Mixed,0.4907795187859741,True,True,4,9000.0,Core credit,518.365835,483.985835,518.365835,42389.87,518.365835,483.985835,518.365835,True,76,31145,689,5132,False,Core credit,1999
125,95.0,227.206305,322.206305,Credit-primary,0.5223149019996531,True,True,5,6400.0,Core credit,227.206305,223.096305,227.206305,19371.36,322.206305,318.09630500000003,322.206305,True,64,26535,724,93592,False,Core credit,1998
449,0.0,425.47938,425.47938,Credit-primary,0.505756014381838,True,True,5,12700.0,Premium credit,425.47938,395.53938,425.47938,37814.36,425.47938,395.53938,425.47938,True,58,39796,729,9452,False,Premium credit,2007
1173,95.0,624.2662200000001,719.2662200000001,Credit-primary,0.61646763693007,True,True,5,16900.0,Premium credit,624.26622,608.36622,636.034115,50793.08,719.26622,703.36622,731.034115,True,71,51703,722,5371,False,Premium credit,2000
1810,95.0,562.09248,657.09248,Credit-primary,1.0,True,False,5,10600.0,Premium credit,562.09248,513.49248,562.09248,38934.36,657.09248,608.49248,657.09248,True,66,31175,711,5846,False,Core credit,2007
1843,190.0,939.883205,1129.883205,Mixed,0.4693076936951616,True,True,7,13200.0,Premium credit,939.883205,939.883205,939.883205,82607.51,1129.883205,1129.883205,1129.883205,True,89,38761,760,69,True,Premium credit,1997
1578,0.0,0.0,0.0,Dormant,,True,False,2,6800.0,Core credit,0.0,0.0,0.0,0.0,0.0,0.0,0.0,False,86,33291,714,695,False,Core credit,2013
658,95.0,851.304865,946.304865,Credit-primary,0.5561761125402567,True,True,4,19300.0,Premium credit,851.304865,799.704865,851.304865,69190.53,946.304865,894.704865,946.304865,True,40,52630,725,68559,False,Premium credit,2003
1858,0.0,323.47115999999994,323.47115999999994,Credit-primary,1.0,True,False,1,8200.0,Core credit,323.47116,323.47116,323.47116,23839.62,323.47116,323.47116,323.47116,True,73,26481,705,10392,False,Core credit,2007
1503,0.0,281.64504,281.64504,Mixed,0.4711840536583576,True,True,4,12600.0,Premium credit,281.64504,263.06504,281.64504,29424.68,281.64504,263.06504,281.64504,True,59,43021,725,86014,False,Premium credit,1996
1671,0.0,159.356825,159.356825,Debit/prepaid only,0.0,False,True,1,0.0,Debit,159.356825,155.066825,159.356825,28298.65,159.356825,155.066825,159.356825,True,50,42886,604,60474,False,Debit,2002
1233,0.0,0.0,0.0,Dormant,,True,True,2,11000.0,Premium credit,0.0,0.0,0.0,0.0,0.0,0.0,0.0,False,35,37843,697,40003,False,Premium credit,2011
1271,0.0,0.0,0.0,Dormant,,False,False,2,0.0,Prepaid,0.0,0.0,0.0,0.0,0.0,0.0,0.0,False,34,48398,642,138998,False,Prepaid,2006
473,0.0,185.84330999999997,185.84330999999997,Mixed,0.3486494834487642,True,True,2,7100.0,Core credit,185.84331,174.53331,185.84331,15928.72,185.84331,174.53331,185.84331,True,33,28181,682,37929,False,Core credit,2007
1541,0.0,677.21814,677.21814,Mixed,0.4521206465946754,True,True,5,10600.0,Premium credit,677.2181400000001,659.78814,677.2181400000001,53669.48,677.2181400000001,659.78814,677.2181400000001,True,48,37422,681,127116,False,Premium credit,2003
149,0.0,1120.77882,1120.77882,Credit-primary,1.0,True,False,1,14200.0,Premium credit,1120.77882,947.6188199999999,1120.77882,68594.49,1120.77882,947.6188199999999,1120.77882,True,24,91237,594,231619,True,Premium credit,2015
560,0.0,0.0,0.0,Dormant,,True,True,4,12500.0,Premium credit,0.0,0.0,0.0,0.0,0.0,0.0,0.0,False,59,43913,676,83944,False,Premium credit,2006
1006,95.0,505.88612499999994,600.886125,Mixed,0.4389910430664529,True,True,3,10900.0,Premium credit,505.886125,493.386125,505.886125,49062.55,600.886125,588.386125,600.886125,True,37,44550,761,117302,False,Debit,2008
368,0.0,585.53481,585.53481,Mixed,0.4514767538228389,True,True,6,13000.0,Premium credit,585.53481,585.06481,694.387305,63142.21,585.53481,585.06481,694.387305,True,75,42806,726,20432,False,Prepaid,2007
1696,0.0,0.0,0.0,Dormant,,False,True,1,0.0,Debit,0.0,0.0,0.0,0.0,0.0,0.0,0.0,True,63,53702,606,85160,False,Debit,2000
416,0.0,242.50491,242.50491,Mixed,0.4247293544407534,True,True,6,14900.0,Premium credit,242.50491,242.50491,285.55849,25112.18,242.50491,242.50491,285.55849,True,86,38273,765,1658,False,Debit,1997
51,0.0,820.2625199999999,820.2625199999999,Credit-primary,1.0,True,False,1,12700.0,Premium credit,820.26252,798.30252,820.26252,49322.14,820.26252,798.30252,820.26252,True,29,51303,688,106248,False,Premium credit,2010
196,0.0,454.95899999999995,454.95899999999995,Credit-primary,1.0,True,False,1,4300.0,Core credit,454.959,450.999,454.959,31517.5,454.959,450.999,454.959,True,44,35775,773,67263,False,Core credit,2011
690,0.0,0.0,0.0,Dormant,,False,True,1,0.0,Debit,0.0,0.0,0.0,0.0,0.0,0.0,0.0,False,71,67186,692,29682,False,Debit,2007
1477,0.0,413.651805,413.651805,Credit-primary,0.5705449940662202,True,True,3,12700.0,Premium credit,413.651805,387.151805,413.651805,38963.36,413.651805,387.151805,413.651805,True,47,46763,696,65106,False,Premium credit,2001
260,0.0,85.811765,85.811765,Debit/prepaid only,0.0,False,True,3,0.0,Debit,85.811765,81.241765,85.811765,17505.53,85.811765,81.241765,85.811765,True,62,29110,699,23504,False,Prepaid,2008
857,0.0,0.0,0.0,Dormant,,False,True,1,0.0,Debit,0.0,0.0,0.0,0.0,0.0,0.0,0.0,False,90,41831,615,1100,False,Debit,2007
1167,0.0,0.0,0.0,Dormant,,True,True,3,12500.0,Premium credit,0.0,0.0,0.0,0.0,0.0,0.0,0.0,False,42,49117,769,42380,False,Debit,2001
1358,0.0,0.0,0.0,Debit/prepaid only,0.0,False,False,2,0.0,Prepaid,0.0,0.0,132.535305,13086.61,0.0,0.0,132.535305,True,69,68930,768,72619,False,Prepaid,2008
1611,0.0,0.0,0.0,Dormant,,True,True,2,1900.0,Core credit,0.0,0.0,0.0,0.0,0.0,0.0,0.0,False,68,20334,684,9544,False,Debit,2001
734,0.0,303.5059799999999,303.5059799999999,Mixed,0.4425191787771438,True,True,2,6300.0,Core credit,303.50597999999997,303.50597999999997,303.50597999999997,20716.91,303.50597999999997,303.50597999999997,303.50597999999997,True,43,24917,693,36101,False,Core credit,2003
1507,0.0,143.068125,143.068125,Debit/prepaid only,0.0,False,True,3,0.0,Debit,143.068125,136.90812499999998,143.068125,23391.25,143.068125,136.90812499999998,143.068125,True,39,44344,744,82822,False,Debit,2008
504,0.0,0.0,0.0,Dormant,,False,True,2,0.0,Debit,0.0,0.0,0.0,0.0,0.0,0.0,0.0,False,38,34311,705,61776,False,Prepaid,2012
524,0.0,135.44093999999998,135.44093999999998,Debit/prepaid only,0.0,False,True,1,0.0,Debit,135.44093999999998,126.69094,135.44093999999998,27418.88,135.44093999999998,126.69094,135.44093999999998,True,57,35239,726,43270,False,Debit,2010
525,0.0,275.623085,275.623085,Debit/prepaid only,0.0,False,True,3,0.0,Debit,275.623085,269.993085,275.623085,52112.17,275.623085,269.993085,275.623085,True,55,37147,703,0,False,Debit,2010
250,0.0,186.51201,186.51201,Debit/prepaid only,0.0,True,True,6,8200.0,Core credit,186.51201,174.02201,251.55541499999998,45485.83,186.51201,174.02201,251.55541499999998,True,50,34671,786,55643,False,Core credit,1997
479,0.0,630.76076,630.76076,Credit-primary,0.6432872107581099,True,True,3,16600.0,Premium credit,630.76076,621.17076,630.76076,50727.87,630.76076,621.17076,630.76076,True,57,61173,692,71422,False,Debit,2002
343,0.0,312.836865,312.836865,Mixed,0.4599209290918192,True,True,8,12400.0,Premium credit,312.836865,288.946865,312.836865,28908.23,312.836865,288.946865,312.836865,True,55,47643,764,45706,False,Premium credit,2000
1196,0.0,570.1232499999999,570.1232499999999,Credit-primary,0.5137304500322709,True,True,3,11100.0,Premium credit,570.12325,513.44325,570.12325,53686.15,570.12325,513.44325,570.12325,True,60,34895,820,56622,False,Premium credit,2003
1530,95.0,117.46493999999998,212.46494,Credit-primary,1.0,True,False,3,600.0,Core credit,117.46494,117.46494,117.46494,10967.83,212.46494,212.46494,212.46494,True,64,1785,732,2892,False,Core credit,2004
1963,0.0,1575.25389,1575.25389,Mixed,0.4094416218070688,True,True,6,20700.0,Premium credit,1575.25389,1561.44389,1575.25389,130553.63,1575.25389,1561.44389,1575.25389,True,98,33869,821,370,True,Premium credit,2004
764,95.0,479.080675,574.080675,Mixed,0.477776330917496,True,True,3,13900.0,Premium credit,479.080675,446.490675,479.080675,47689.47,574.0806749999999,541.490675,574.0806749999999,True,77,31066,712,20902,False,Premium credit,2005
213,95.0,794.4665799999999,889.4665799999999,Credit-primary,0.5854269046762126,True,True,2,20400.0,Premium credit,794.46658,723.00658,794.46658,71351.76,889.46658,818.00658,889.46658,True,37,55172,629,96779,False,Premium credit,2007
410,0.0,0.0,0.0,Dormant,,True,True,2,15000.0,Premium credit,0.0,0.0,0.0,0.0,0.0,0.0,0.0,True,54,46956,610,94340,False,Premium credit,1998
1685,0.0,125.826315,125.826315,Debit/prepaid only,0.0,False,True,2,0.0,Debit,125.82631500000001,122.186315,158.82288,35366.76,125.82631500000001,122.186315,158.82288,True,53,74012,681,93119,False,Debit,2010
225,0.0,502.3312949999999,502.3312949999999,Mixed,0.474829043577663,True,True,3,14300.0,Premium credit,502.331295,445.721295,502.331295,52697.64,502.331295,445.721295,502.331295,True,32,40887,688,50734,False,Debit,2010
1210,95.0,443.3176299999999,538.31763,Credit-primary,0.5325206007484795,True,True,3,8600.0,Core credit,443.31763,394.77763,443.31763,36439.21,538.31763,489.77763,538.31763,True,32,34531,703,60156,False,Debit,2006
576,95.0,687.1094149999999,782.1094149999999,Credit-primary,0.6359374866326272,True,True,6,8100.0,Core credit,687.109415,577.479415,687.109415,53768.979999999996,782.109415,672.479415,782.109415,True,68,63502,638,24100,False,Core credit,2004
1677,0.0,554.932605,554.932605,Mixed,0.4846550169799565,True,True,2,2400.0,Core credit,554.932605,494.62260499999996,554.932605,49982.46,554.932605,494.62260499999996,554.932605,True,51,33178,671,92366,False,Debit,2002
1969,0.0,1150.6687149999998,1150.6687149999998,Credit-primary,0.5609192912258328,True,True,5,12300.0,Premium credit,1150.668715,1128.268715,1150.668715,96199.33,1150.668715,1128.268715,1150.668715,True,84,44690,733,2249,True,Debit,1998
1431,0.0,0.0,0.0,Dormant,,True,False,1,4900.0,Core credit,0.0,0.0,0.0,0.0,0.0,0.0,0.0,False,56,39409,599,52076,False,Core credit,2004
1482,0.0,247.88814,247.88814,Debit/prepaid only,0.0,False,True,1,0.0,Debit,247.88814,246.86813999999998,247.88814,64664.28,247.88814,246.86813999999998,247.88814,True,54,89152,675,162012,False,Debit,2010
1295,0.0,895.8306749999999,895.8306749999999,Mixed,0.461155011509062,True,True,3,9900.0,Core credit,895.830675,884.710675,895.830675,77460.7,895.830675,884.710675,895.830675,True,70,27772,788,14408,False,Core credit,2004
1468,0.0,0.0,0.0,Dormant,,False,True,2,0.0,Debit,0.0,0.0,0.0,0.0,0.0,0.0,0.0,False,66,44137,626,22392,False,Debit,2009
538,0.0,599.24196,599.24196,Credit-primary,1.0,True,True,4,7000.0,Core credit,599.2419600000001,512.84196,599.2419600000001,39541.7,599.2419600000001,512.84196,599.2419600000001,True,66,30265,814,36789,False,Debit,1994
748,0.0,345.835505,345.835505,Mixed,0.488092374232251,True,True,3,14400.0,Premium credit,345.835505,292.38550499999997,345.835505,31592.36,345.835505,292.38550499999997,345.835505,True,55,37534,706,99840,False,Premium credit,2005
41,0.0,0.0,0.0,Dormant,,False,False,1,0.0,Prepaid,0.0,0.0,0.0,0.0,0.0,0.0,0.0,False,38,27183,637,58323,False,Prepaid,2008
807,0.0,66.726035,66.726035,Debit/prepaid only,0.0,False,True,3,0.0,Debit,66.726035,60.446035,144.018685,25946.37,66.726035,60.446035,144.018685,True,52,38487,691,49725,False,Debit,1999
1430,0.0,501.53273,501.53273,Credit-primary,0.5253225471860441,True,True,5,12200.0,Premium credit,501.53273,486.71273,501.53273,49747.76,501.53273,486.71273,501.53273,True,69,33642,593,20874,False,Debit,2001
1873,0.0,280.72366999999997,280.72366999999997,Debit/prepaid only,0.0,True,True,3,7700.0,Core credit,280.72366999999997,279.79367,487.822785,90099.57,280.72366999999997,279.79367,487.822785,True,51,34302,651,84935,False,Debit,2002
980,95.0,343.485745,438.485745,Credit-primary,0.5376676060383049,True,True,6,14600.0,Premium credit,343.485745,295.325745,343.485745,27298.39,438.485745,390.325745,438.485745,True,84,24055,733,0,False,Premium credit,2004
1415,0.0,0.0,0.0,Dormant,,True,False,1,6400.0,Core credit,0.0,0.0,0.0,0.0,0.0,0.0,0.0,False,28,45021,689,77559,False,Core credit,2018
652,95.0,522.3934849999999,617.3934849999999,Credit-primary,0.5454397891690627,True,True,6,16500.0,Premium credit,522.393485,515.043485,559.97172,40229.39,617.393485,610.043485,654.97172,True,82,22726,784,1692,False,Premium credit,2006
1129,0.0,827.75191,827.75191,Mixed,0.4686248392237871,True,True,3,7600.0,Core credit,827.75191,512.28191,827.75191,78626.37,827.75191,512.28191,827.75191,True,49,34449,686,36540,False,Debit,2006
885,0.0,282.584525,282.584525,Credit-primary,0.6027689549679456,True,True,3,9000.0,Core credit,282.584525,263.264525,357.10647,18474.84,282.584525,263.264525,357.10647,True,36,28334,700,0,False,Core credit,2006
1899,0.0,0.0,0.0,Debit/prepaid only,0.0,False,True,2,0.0,Debit,0.0,0.0,171.861585,23263.170000000002,0.0,0.0,171.861585,True,31,57166,737,111755,False,Debit,2008
1369,0.0,607.66677,607.66677,Mixed,0.4431198786457918,True,True,2,9000.0,Core credit,607.6667699999999,589.01677,607.6667699999999,49316.79,607.6667699999999,589.01677,607.6667699999999,True,59,35854,850,49101,False,Debit,2003
1057,0.0,0.0,0.0,Dormant,,False,True,1,0.0,Debit,0.0,0.0,0.0,0.0,0.0,0.0,0.0,False,39,44958,787,91549,False,Debit,2010
1302,0.0,587.7388649999999,587.7388649999999,Mixed,0.4587369899163369,True,True,3,7900.0,Core credit,587.738865,570.188865,589.670435,60418.52,587.738865,570.188865,589.670435,True,62,28988,694,13351,False,Debit,2006
415,0.0,288.49928,288.49928,Credit-primary,0.5079000655380198,True,True,3,9400.0,Core credit,288.49928,288.49928,288.49928,24504.86,288.49928,288.49928,288.49928,True,53,33729,763,0,False,Debit,2001
83,0.0,0.0,0.0,Dormant,,True,False,1,11600.0,Premium credit,0.0,0.0,0.0,0.0,0.0,0.0,0.0,False,31,59455,557,96224,False,Premium credit,2015
28,0.0,549.162005,549.162005,Credit-primary,0.6363698047911127,True,True,3,16400.0,Premium credit,549.162005,544.952005,549.162005,44950.31,549.162005,544.952005,549.162005,True,39,54273,789,110237,False,Debit,2008
33,0.0,626.4764399999999,626.4764399999999,Credit-primary,0.5200578919931159,True,True,5,9000.0,Core credit,626.47644,615.21644,626.47644,58564.23,626.47644,615.21644,626.47644,True,77,38692,596,8902,False,Debit,1999
1646,0.0,346.130855,346.130855,Mixed,0.4558238066282181,True,True,5,9900.0,Core credit,346.130855,322.850855,346.130855,23895.11,346.130855,322.850855,346.130855,True,54,29898,714,19719,False,Core credit,2009
1152,0.0,0.0,0.0,Dormant,,True,False,1,7200.0,Core credit,0.0,0.0,0.0,0.0,0.0,0.0,0.0,False,43,35538,747,71591,False,Core credit,2013
134,190.0,814.3739999999999,1004.374,Credit-primary,1.0,True,False,3,10400.0,Premium credit,814.374,799.974,814.374,47005.0,1004.374,989.974,1004.374,True,43,50174,643,145300,True,Premium credit,2010
220,95.0,478.01938999999993,573.0193899999999,Credit-primary,0.6418150270447056,True,True,3,23500.0,Premium credit,478.01939,463.90939,478.01939,41460.979999999996,573.0193899999999,558.90939,573.0193899999999,True,33,61846,722,12525,False,Premium credit,2010
1343,95.0,0.0,95.0,Dormant,,True,False,1,5300.0,Core credit,0.0,0.0,0.0,0.0,95.0,95.0,95.0,False,22,24369,575,37437,False,Core credit,2016
1930,0.0,0.0,0.0,Dormant,,False,True,1,0.0,Debit,0.0,0.0,0.0,0.0,0.0,0.0,0.0,False,26,44470,721,66413,False,Debit,2014
1260,95.0,342.47754,437.47754,Credit-primary,1.0,True,False,1,0.0,Core credit,342.47754,300.71754,342.47754,25063.53,437.47754,395.71754,437.47754,True,28,42806,712,49194,False,Core credit,2013
96,0.0,3140.999205,3140.999205,Credit-primary,0.6490401323273655,True,True,4,24300.0,Premium credit,3140.999205,3030.299205,3140.999205,287088.01,3140.999205,3030.299205,3140.999205,True,69,99825,685,4344,True,Debit,2003
1166,0.0,689.59134,689.59134,Credit-primary,1.0,True,True,3,14100.0,Premium credit,689.5913400000001,660.79134,689.5913400000001,64630.63,689.5913400000001,660.79134,689.5913400000001,True,44,39898,682,43630,False,Debit,2004
1533,0.0,741.288705,741.288705,Credit-primary,0.5785846254070284,True,True,3,15300.0,Premium credit,741.2887049999999,690.678705,741.2887049999999,66190.11,741.2887049999999,690.678705,741.2887049999999,True,39,49412,830,42378,False,Premium credit,2006
1451,0.0,503.278525,503.278525,Debit/prepaid only,0.0,True,True,4,6500.0,Core credit,503.278525,490.468525,503.278525,107600.05,503.278525,490.468525,503.278525,True,58,17078,719,25245,False,Debit,2001
57,0.0,269.28222,269.28222,Debit/prepaid only,0.0,False,True,1,0.0,Debit,269.28222,254.39222,269.28222,54540.44,269.28222,254.39222,269.28222,True,28,43826,823,84935,False,Debit,2010
1335,0.0,241.819805,241.819805,Debit/prepaid only,0.0,False,True,3,0.0,Debit,241.819805,227.659805,293.56844,87021.88,241.819805,227.659805,293.56844,True,51,97845,836,255288,False,Debit,2012
816,95.0,357.0780249999999,452.0780249999999,Mixed,0.4940971822483047,True,True,5,9200.0,Core credit,357.07802499999997,355.63802499999997,357.07802499999997,35613.5,452.07802499999997,450.63802499999997,452.07802499999997,True,56,36285,759,67244,False,Debit,2006
1081,0.0,1112.847165,1112.847165,Credit-primary,0.5244799573334517,True,True,2,10400.0,Premium credit,1112.8471650000001,988.737165,1112.8471650000001,119025.33,1112.8471650000001,988.737165,1112.8471650000001,True,31,50666,617,102318,True,Premium credit,2009
1385,0.0,1153.765725,1153.765725,Credit-primary,0.6347889462834602,True,True,6,20900.0,Premium credit,1153.765725,636.155725,1183.30278,93328.61,1153.765725,636.155725,1183.30278,True,51,82298,789,182301,True,Prepaid,2001
1125,95.0,535.22039,630.22039,Credit-primary,0.5794093136914568,True,True,2,13200.0,Premium credit,535.22039,514.49039,535.22039,48251.33,630.22039,609.49039,630.22039,True,25,64917,689,102747,False,Debit,2015
1345,0.0,742.8980200000001,742.8980200000001,Credit-primary,0.5891927700940672,True,True,8,13900.0,Premium credit,742.89802,692.68802,742.89802,56817.89,742.89802,692.68802,742.89802,True,83,16620,804,1140,False,Debit,2005
1695,95.0,587.862185,682.862185,Credit-primary,0.6575000826092792,True,True,4,12700.0,Premium credit,587.862185,567.262185,587.862185,54170.67,682.862185,662.262185,682.862185,True,45,57027,709,21798,False,Core credit,2004
1985,0.0,421.80430999999993,421.80430999999993,Mixed,0.3653553916508286,True,True,3,400.0,Core credit,421.80431,415.70430999999996,421.80431,26881.47,421.80431,415.70430999999996,421.80431,True,50,1426,680,3154,False,Debit,1996
1604,0.0,663.0195650000001,663.0195650000001,Mixed,0.4111360877211594,True,True,7,11200.0,Premium credit,663.019565,626.199565,663.019565,69660.73,663.019565,626.199565,663.019565,True,55,31308,742,59817,False,Debit,2006
649,0.0,362.52705,362.52705,Credit-primary,0.5529716414651454,True,True,7,17400.0,Premium credit,362.52705,305.78704999999997,362.52705,29310.4,362.52705,305.78704999999997,362.52705,True,48,46408,847,0,False,Premium credit,2005
1486,0.0,246.74994,246.74994,Credit-primary,1.0,True,False,1,9600.0,Core credit,246.74993999999998,229.46993999999998,246.74993999999998,15973.33,246.74993999999998,229.46993999999998,246.74993999999998,True,39,23307,789,31064,False,Core credit,2010
1744,0.0,186.08241,186.08241,Mixed,0.4919596438974729,True,True,3,10000.0,Premium credit,186.08241,184.77241,186.08241,19537.07,186.08241,184.77241,186.08241,True,31,29433,693,61260,False,Debit,2007
400,0.0,0.0,0.0,Dormant,,True,True,4,11400.0,Premium credit,0.0,0.0,0.0,0.0,0.0,0.0,0.0,True,46,39770,711,72827,False,Debit,2006
1994,0.0,627.2078399999999,627.2078399999999,Credit-primary,0.7215526272422296,True,True,3,21600.0,Premium credit,627.20784,607.76784,732.42569,54734.58,627.20784,607.76784,732.42569,True,48,78180,740,102759,False,Premium credit,2010
572,0.0,0.0,0.0,Dormant,,False,True,1,0.0,Debit,0.0,0.0,0.0,0.0,0.0,0.0,0.0,False,29,47317,680,42433,False,Debit,2015
1442,0.0,302.61643499999997,302.61643499999997,Debit/prepaid only,0.0,False,True,1,0.0,Debit,302.61643499999997,288.546435,302.61643499999997,64395.87,302.61643499999997,288.546435,302.61643499999997,True,41,30432,624,101847,False,Debit,2010
1853,0.0,363.26979,363.26979,Credit-primary,0.5719371820502925,True,True,3,12600.0,Premium credit,363.26979,336.62979,363.26979,27545.63,363.26979,336.62979,363.26979,True,39,37165,771,0,False,Debit,2004
556,0.0,314.63555,314.63555,Debit/prepaid only,0.0,False,True,2,0.0,Debit,314.63554999999997,301.01554999999996,314.63554999999997,46106.1,314.63554999999997,301.01554999999996,314.63554999999997,True,46,36405,715,31815,False,Debit,1995
321,95.0,156.719215,251.719215,Debit/prepaid only,0.0,True,True,4,11100.0,Premium credit,156.719215,151.019215,156.719215,28367.43,251.719215,246.019215,251.719215,True,52,40177,698,47012,False,Debit,1998
483,0.0,307.96913,307.96913,Mixed,0.4901075265924535,True,True,3,13100.0,Premium credit,307.96913,302.04913,307.96913,29737.76,307.96913,302.04913,307.96913,True,49,39969,713,68456,False,Premium credit,2001
404,0.0,0.0,0.0,Dormant,,True,False,1,10900.0,Premium credit,0.0,0.0,0.0,0.0,0.0,0.0,0.0,False,44,44816,625,63043,False,Premium credit,2010
1510,0.0,0.0,0.0,Dormant,,True,False,2,11400.0,Premium credit,0.0,0.0,0.0,0.0,0.0,0.0,0.0,True,32,50658,764,72806,False,Premium credit,2010
1635,0.0,411.54045999999994,411.54045999999994,Mixed,0.4673900656624,True,True,4,15000.0,Premium credit,411.54046,369.71046,411.54046,34573.82,411.54046,369.71046,411.54046,True,54,42332,616,75213,False,Debit,2003
1384,0.0,201.7704,201.7704,Debit/prepaid only,0.0,True,True,3,15000.0,Premium credit,201.7704,201.2604,201.7704,50990.8,201.7704,201.2604,201.7704,True,74,23011,721,30510,False,Debit,2004
943,0.0,0.0,0.0,Dormant,,True,False,1,6600.0,Core credit,0.0,0.0,0.0,0.0,0.0,0.0,0.0,False,64,87317,773,41998,False,Core credit,2016
1236,0.0,362.714955,362.714955,Mixed,0.4146300984000485,True,True,5,8800.0,Core credit,362.71495500000003,339.324955,362.71495500000003,32476.61,362.71495500000003,339.324955,362.71495500000003,True,72,25243,730,18006,False,Debit,1997
496,95.0,306.23811,401.23811,Credit-primary,0.5290015903311098,True,True,4,11500.0,Premium credit,306.23811,290.80811,306.23811,29723.37,401.23811,385.80811,401.23811,True,47,36319,730,44737,False,Core credit,2002
450,0.0,167.57637499999998,167.57637499999998,Debit/prepaid only,0.0,False,True,2,0.0,Debit,167.57637499999998,167.116375,167.57637499999998,43519.75,167.57637499999998,167.116375,167.57637499999998,True,39,43192,739,33517,False,Debit,2006
1753,0.0,193.34784,193.34784,Debit/prepaid only,0.0,False,True,1,0.0,Debit,193.34784,187.36784,193.34784,45123.68,193.34784,187.36784,193.34784,True,46,45476,506,67636,False,Debit,2010
304,0.0,0.0,0.0,Dormant,,False,True,2,0.0,Debit,0.0,0.0,0.0,0.0,0.0,0.0,0.0,False,31,41297,685,34703,False,Debit,2008
839,95.0,292.197935,387.197935,Mixed,0.3056426305479408,True,True,3,6600.0,Core credit,292.197935,277.857935,292.197935,40925.77,387.197935,372.857935,387.197935,True,45,54384,622,69717,False,Debit,2009
138,190.0,403.75310999999994,593.7531099999999,Mixed,0.4857529440296548,True,True,4,6900.0,Core credit,403.75311,375.55311,403.75311,33894.02,593.75311,565.5531100000001,593.75311,True,43,32770,641,103262,False,Core credit,2000
43,0.0,0.0,0.0,Dormant,,False,True,1,0.0,Debit,0.0,0.0,0.0,0.0,0.0,0.0,0.0,False,26,61104,721,79486,False,Debit,2017
1187,95.0,275.03405999999995,370.0340599999999,Credit-primary,0.8015210757747976,True,False,1,12100.0,Premium credit,275.03406,251.99406,310.00771,21756.97,370.03406,346.99406,405.00771,True,55,47334,701,87775,False,Premium credit,2006
849,0.0,199.997415,199.997415,Debit/prepaid only,0.0,False,True,3,0.0,Debit,199.997415,188.687415,199.997415,27139.829999999998,199.997415,188.687415,199.997415,True,67,43828,711,60231,False,Debit,2007
654,0.0,0.0,0.0,Dormant,,True,False,1,7600.0,Core credit,0.0,0.0,0.0,0.0,0.0,0.0,0.0,False,47,33883,524,50616,False,Core credit,2015
1898,0.0,682.52739,682.52739,Credit-primary,0.527642540549543,True,True,5,10100.0,Premium credit,682.52739,651.69739,682.52739,60884.78,682.52739,651.69739,682.52739,True,44,50993,675,75783,False,Debit,1997
1971,0.0,213.11062,213.11062,Debit/prepaid only,0.0,False,True,2,0.0,Debit,213.11061999999998,211.79062,213.11061999999998,45742.24,213.11061999999998,211.79062,213.11061999999998,True,48,41690,763,69869,False,Debit,2004
1020,0.0,389.682645,389.682645,Debit/prepaid only,0.0,False,True,2,0.0,Debit,389.682645,385.042645,389.682645,79662.29000000001,389.682645,385.042645,389.682645,True,29,54122,796,166903,False,Debit,2010
22,0.0,748.2430799999998,748.2430799999998,Credit-primary,1.0,True,False,1,13600.0,Premium credit,748.24308,738.1630799999999,748.24308,48043.06,748.24308,738.1630799999999,748.24308,True,56,53966,747,135478,False,Premium credit,2017
1823,0.0,853.9255149999999,853.9255149999999,Credit-primary,0.5704487483850307,True,True,6,14900.0,Premium credit,853.925515,823.125515,870.57223,77315.71,853.925515,823.125515,870.57223,True,67,65362,743,27745,False,Premium credit,2002
589,0.0,96.2411,96.2411,Debit/prepaid only,0.0,False,True,2,0.0,Debit,96.2411,90.5211,96.2411,20300.2,96.2411,90.5211,96.2411,True,58,27035,595,58050,False,Debit,1999
49,0.0,0.0,0.0,Dormant,,False,True,3,0.0,Debit,0.0,0.0,0.0,0.0,0.0,0.0,0.0,False,38,38663,686,59053,False,Debit,2010
1525,95.0,394.2432,489.2432,Credit-primary,0.7332925065938347,True,True,4,8200.0,Core credit,394.2432,304.2432,520.02003,33736.06,489.2432,399.2432,615.02003,True,43,38994,728,0,False,Core credit,2006
69,0.0,341.274215,341.274215,Mixed,0.4876598749805001,True,True,6,10800.0,Premium credit,341.27421499999997,302.624215,341.27421499999997,30897.579999999998,341.27421499999997,302.624215,341.27421499999997,True,54,38318,748,93284,False,Debit,2004
234,0.0,496.12191499999994,496.12191499999994,Mixed,0.4942538159474321,True,True,6,12600.0,Premium credit,496.121915,333.811915,496.121915,46714.48,496.121915,333.811915,496.121915,True,42,37623,726,923,False,Prepaid,2001
608,0.0,147.42933,147.42933,Debit/prepaid only,0.0,False,True,2,0.0,Debit,147.42933,142.62932999999998,147.42933,18263.66,147.42933,142.62932999999998,147.42933,True,32,2365,769,0,False,Debit,2011
1064,0.0,0.0,0.0,Dormant,,False,False,1,0.0,Prepaid,0.0,0.0,0.0,0.0,0.0,0.0,0.0,False,50,48428,654,72566,False,Prepaid,2007
374,0.0,316.468535,316.468535,Mixed,0.438780239731425,True,True,4,8200.0,Core credit,316.468535,305.478535,316.468535,27853.67,316.468535,305.478535,316.468535,True,58,31177,689,18859,False,Debit,2004
286,0.0,168.68649499999998,168.68649499999998,Debit/prepaid only,0.0,False,True,4,0.0,Debit,168.686495,167.706495,168.686495,31284.989999999998,168.686495,167.706495,168.686495,True,38,38223,725,30756,False,Debit,2010
1419,0.0,0.0,0.0,Dormant,,False,True,1,0.0,Debit,0.0,0.0,0.0,0.0,0.0,0.0,0.0,False,53,61490,647,116180,False,Debit,2004
1435,0.0,1054.739655,1054.739655,Credit-primary,0.5512128515634254,True,True,3,23500.0,Premium credit,1054.739655,1018.329655,1054.739655,86529.55,1054.739655,1018.329655,1054.739655,True,41,92017,703,157723,True,Premium credit,2009
1683,95.0,0.0,95.0,Dormant,,True,True,3,5500.0,Core credit,0.0,0.0,0.0,0.0,95.0,95.0,95.0,False,43,25109,850,92,False,Core credit,2006
727,0.0,366.787915,366.787915,Mixed,0.4371298571758484,True,True,4,10700.0,Premium credit,366.787915,350.497915,366.787915,28492.38,366.787915,350.497915,366.787915,True,44,40522,801,81572,False,Debit,2007
1150,0.0,786.344075,786.344075,Credit-primary,0.5142096584803427,True,True,5,17200.0,Premium credit,786.344075,774.014075,786.344075,68258.15,786.344075,774.014075,786.344075,True,46,63030,791,93406,False,Premium credit,2007
332,0.0,434.0957149999999,434.0957149999999,Mixed,0.4571377688515944,True,True,3,7900.0,Core credit,434.095715,392.795715,434.095715,39474.38,434.095715,392.795715,434.095715,True,61,37362,703,21600,False,Core credit,2004
487,0.0,278.428865,278.428865,Debit/prepaid only,0.0,True,True,2,11400.0,Premium credit,278.428865,271.198865,278.428865,81269.73,278.428865,271.198865,278.428865,True,52,55059,735,162462,False,Debit,2001
735,0.0,0.0,0.0,Dormant,,True,True,3,18600.0,Premium credit,0.0,0.0,0.0,0.0,0.0,0.0,0.0,False,49,67743,752,67132,False,Premium credit,1997
137,95.0,1094.754065,1189.754065,Mixed,0.4947434098717192,True,True,3,9700.0,Core credit,1094.754065,1057.924065,1094.754065,95987.13,1189.754065,1152.924065,1189.754065,True,33,41069,644,64073,True,Debit,2005
570,0.0,195.762205,195.762205,Debit/prepaid only,0.0,False,True,1,0.0,Debit,195.762205,188.49220499999998,195.762205,39450.41,195.762205,188.49220499999998,195.762205,True,34,32245,625,43097,False,Debit,2007
1121,0.0,1249.81192,1249.81192,Credit-primary,0.6493440194416381,True,True,5,23400.0,Premium credit,1249.8119199999999,1237.83192,1249.8119199999999,95004.34,1249.8119199999999,1237.83192,1249.8119199999999,True,44,84365,796,113529,True,Debit,2004
860,0.0,890.4226999999998,890.4226999999998,Mixed,0.4661183645471262,True,True,4,22100.0,Premium credit,890.4227,687.4227,890.4227,86740.5,890.4227,687.4227,890.4227,True,55,62791,692,193215,False,Debit,2002
518,0.0,0.0,0.0,Dormant,,True,False,1,5900.0,Core credit,0.0,0.0,0.0,0.0,0.0,0.0,0.0,False,31,45433,523,91998,False,Core credit,2017
1203,0.0,0.0,0.0,Debit/prepaid only,0.0,False,False,1,0.0,Prepaid,0.0,0.0,97.93523499999999,17192.47,0.0,0.0,97.93523499999999,True,36,41537,582,128044,False,Prepaid,2009
944,0.0,1300.093165,1300.093165,Credit-primary,0.6490671249630865,True,True,5,25500.0,Premium credit,1300.093165,1221.7231649999999,1300.093165,108564.38,1300.093165,1221.7231649999999,1300.093165,True,58,119308,789,89328,True,Debit,2002
388,0.0,0.0,0.0,Dormant,,False,True,1,0.0,Debit,0.0,0.0,0.0,0.0,0.0,0.0,0.0,False,25,17310,749,21853,False,Debit,2013
741,0.0,0.0,0.0,Dormant,,False,True,1,0.0,Debit,0.0,0.0,0.0,0.0,0.0,0.0,0.0,False,75,41316,826,22629,False,Debit,2011
1737,0.0,241.59041,241.59041,Debit/prepaid only,0.0,False,True,4,0.0,Debit,241.59041,241.35041,241.59041,33028.82,241.59041,241.35041,241.59041,True,52,37686,739,41173,False,Debit,1998
1709,0.0,149.03774,149.03774,Debit/prepaid only,0.0,False,True,1,0.0,Debit,149.03773999999999,141.93797,149.03773999999999,32079.48,149.03773999999999,141.93797,149.03773999999999,True,62,35519,744,111115,False,Debit,2006
1018,95.0,1270.9240199999997,1365.9240199999997,Credit-primary,0.9604465384054192,True,True,4,9900.0,Core credit,1270.92402,1201.06402,1270.92402,78747.09,1365.92402,1296.06402,1365.92402,True,90,31805,755,614,True,Debit,1994
275,95.0,1283.60374,1378.60374,Credit-primary,0.5176119253811781,True,True,4,15600.0,Premium credit,1283.60374,1249.03374,1283.60374,110459.53,1378.60374,1344.03374,1378.60374,True,43,76288,710,120771,True,Debit,2004
1367,0.0,101.19563,101.19563,Debit/prepaid only,0.0,True,True,3,9200.0,Core credit,101.19563,93.04562999999999,185.87839,25073.78,101.19563,93.04562999999999,185.87839,True,49,34255,708,36094,False,Debit,2003
284,0.0,0.0,0.0,Dormant,,False,True,4,0.0,Debit,0.0,0.0,0.0,0.0,0.0,0.0,0.0,False,51,50980,754,0,False,Debit,2005
79,95.0,391.0763,486.0763,Credit-primary,0.5603778104415047,True,True,3,12200.0,Premium credit,391.0763,355.3663,391.0763,36738.0,486.0763,450.3663,486.0763,True,70,29164,625,19851,False,Debit,2007
1515,0.0,434.93371,434.93371,Mixed,0.4711431443992417,True,True,5,16300.0,Premium credit,434.93371,392.50371,455.957495,42013.24,434.93371,392.50371,455.957495,True,77,30457,520,19314,False,Prepaid,2006
1934,0.0,0.0,0.0,Dormant,,True,False,1,6000.0,Core credit,0.0,0.0,0.0,0.0,0.0,0.0,0.0,False,47,27763,691,59691,False,Core credit,2004
1964,0.0,490.3238899999999,490.3238899999999,Mixed,0.4686988908391137,True,True,4,11600.0,Premium credit,490.32389,488.88389,490.32389,43772.73,490.32389,488.88389,490.32389,True,68,38637,643,30595,False,Core credit,2006
982,0.0,0.0,0.0,Dormant,,True,True,4,16900.0,Premium credit,0.0,0.0,0.0,0.0,0.0,0.0,0.0,False,46,66489,729,45974,False,Core credit,2004
1676,0.0,218.893715,218.893715,Debit/prepaid only,0.0,False,True,3,0.0,Debit,218.893715,211.213715,218.893715,43175.43,218.893715,211.213715,218.893715,True,51,50936,681,88447,False,Debit,2007
1519,0.0,249.44806,249.44806,Debit/prepaid only,0.0,True,True,4,14200.0,Premium credit,249.44806,242.32806,249.44806,34341.12,249.44806,242.32806,249.44806,True,41,40012,849,59472,False,Debit,2003
1098,0.0,1759.6343499999998,1759.6343499999998,Mixed,0.4509723741611113,True,True,4,10000.0,Premium credit,1759.63435,1722.56435,1759.63435,223957.0,1759.63435,1722.56435,1759.63435,True,50,34456,752,54634,True,Debit,2006
554,0.0,256.599115,256.599115,Debit/prepaid only,0.0,True,True,5,22800.0,Premium credit,256.599115,253.449115,296.27043,71882.86,256.599115,253.449115,296.27043,True,59,53357,690,114266,False,Prepaid,2001
596,0.0,568.2564,568.2564,Credit-primary,1.0,True,False,1,5100.0,Core credit,568.2564,480.0564,568.2564,36450.8,568.2564,480.0564,568.2564,True,28,34629,721,34484,False,Core credit,2015
170,95.0,508.5103,603.5102999999999,Credit-primary,0.5224667232804113,True,True,3,11400.0,Premium credit,508.5103,463.1203,508.5103,46455.15,603.5102999999999,558.1203,603.5102999999999,True,34,36983,768,58895,False,Premium credit,2007
794,0.0,51.272425,51.272425,Debit/prepaid only,0.0,False,True,3,0.0,Debit,51.272425,51.012425,85.81738,19829.76,51.272425,51.012425,85.81738,True,49,29621,730,0,False,Debit,2009
1697,95.0,166.675195,261.67519500000003,Debit/prepaid only,0.0,True,True,6,2100.0,Core credit,166.675195,163.885195,218.503185,34505.37,261.67519500000003,258.885195,313.50318500000003,True,64,41002,685,97188,False,Debit,2005
573,95.0,524.6234999999999,619.6234999999999,Credit-primary,1.0,True,False,1,3400.0,Core credit,524.6234999999999,463.0635,524.6234999999999,35374.75,619.6234999999999,558.0635,619.6234999999999,True,52,30011,589,84166,False,Core credit,2004
1026,0.0,292.90229999999997,292.90229999999997,Credit-primary,0.5290364193339757,True,False,4,6200.0,Core credit,292.90229999999997,209.3823,436.39123,34155.21,292.90229999999997,209.3823,436.39123,True,84,17016,714,691,False,Prepaid,2000
402,0.0,282.714555,282.714555,Debit/prepaid only,0.0,False,True,2,0.0,Debit,282.71455499999996,282.474555,282.71455499999996,63125.11,282.71455499999996,282.474555,282.71455499999996,True,47,43954,744,60913,False,Debit,2007
1628,95.0,0.0,95.0,Dormant,,True,True,2,17400.0,Premium credit,0.0,0.0,0.0,0.0,95.0,95.0,95.0,False,56,63439,786,199706,False,Debit,1999
553,0.0,0.0,0.0,Dormant,,False,True,1,0.0,Debit,0.0,0.0,0.0,0.0,0.0,0.0,0.0,False,73,34067,628,17902,False,Debit,2007
1551,0.0,1170.981625,1170.981625,Credit-primary,0.5851237195127222,True,True,4,8500.0,Core credit,1170.981625,1141.681625,1248.239785,106416.52,1170.981625,1141.681625,1248.239785,True,47,35699,687,63264,True,Debit,2007
1672,0.0,0.0,0.0,Debit/prepaid only,0.0,False,False,1,0.0,Prepaid,0.0,0.0,174.23236,10863.720000000001,0.0,0.0,174.23236,True,28,74644,792,204251,False,Prepaid,2012
1135,95.0,696.405325,791.405325,Credit-primary,0.5286247350245417,True,True,5,22400.0,Premium credit,696.405325,669.525325,763.878285,62284.07,791.405325,764.525325,858.878285,True,89,68010,704,0,False,Premium credit,2002
1420,0.0,0.0,0.0,Dormant,,True,True,4,31800.0,Premium credit,0.0,0.0,0.0,0.0,0.0,0.0,0.0,False,87,60652,688,0,False,Debit,2002
1589,0.0,119.258645,119.258645,Debit/prepaid only,0.0,False,True,3,0.0,Debit,119.258645,104.738645,119.258645,26527.29,119.258645,104.738645,119.258645,True,39,27494,702,44258,False,Debit,2014
1002,0.0,75.12112,75.12112,Debit/prepaid only,0.0,False,True,1,0.0,Debit,75.12112,70.28112,75.12112,22218.24,75.12112,70.28112,75.12112,True,31,38788,716,77448,False,Debit,2008
1411,0.0,694.15529,694.15529,Mixed,0.4984769462776967,True,True,4,18200.0,Premium credit,694.15529,671.36529,694.15529,60986.03,694.15529,671.36529,694.15529,True,57,69007,720,52218,False,Debit,1999
1654,95.0,1553.2346449999995,1648.2346449999995,Credit-primary,0.5166444355566813,True,True,5,16000.0,Premium credit,1553.234645,1503.184645,1553.234645,151919.24,1648.234645,1598.184645,1648.234645,True,43,49328,693,6197,True,Premium credit,2006
1330,0.0,496.39544,496.39544,Debit/prepaid only,0.0,False,True,3,0.0,Debit,496.39544,495.81543999999997,496.39544,95283.88,496.39544,495.81543999999997,496.39544,True,65,35404,575,30887,False,Debit,2005
790,0.0,255.71961999999996,255.71961999999996,Debit/prepaid only,0.0,False,True,2,0.0,Debit,255.71962,252.46962,255.71962,41541.24,255.71962,252.46962,255.71962,True,34,46361,743,69620,False,Debit,2007
552,0.0,268.8144,268.8144,Debit/prepaid only,0.0,False,True,1,0.0,Debit,268.8144,268.2744,268.8144,90854.8,268.8144,268.2744,268.8144,True,54,52538,602,132409,False,Debit,2004
139,0.0,0.0,0.0,Dormant,,False,True,3,0.0,Debit,0.0,0.0,0.0,0.0,0.0,0.0,0.0,False,73,31317,687,4591,False,Prepaid,2004
1280,95.0,0.0,95.0,Dormant,,True,False,1,6000.0,Core credit,0.0,0.0,0.0,0.0,95.0,95.0,95.0,False,28,32676,641,88515,False,Core credit,2015
883,95.0,896.5367999999999,991.5368,Credit-primary,1.0,True,False,1,12500.0,Premium credit,896.5368,724.4568,896.5368,52724.6,991.5368,819.4568,991.5368,True,33,54333,584,103224,True,Premium credit,2016
359,95.0,584.1161999999999,679.1161999999999,Credit-primary,0.7010085182690928,True,True,4,17200.0,Premium credit,584.1162,584.1162,735.59371,50723.92,679.1162,679.1162,830.59371,True,66,57383,799,20725,False,Premium credit,2005
1921,0.0,390.92472,390.92472,Credit-primary,0.6434195914671432,True,False,3,8900.0,Core credit,390.92472,389.12472,492.261595,40441.79,390.92472,389.12472,492.261595,True,44,32064,709,9833,False,Core credit,2007
651,0.0,0.0,0.0,Dormant,,True,False,1,5200.0,Core credit,0.0,0.0,0.0,0.0,0.0,0.0,0.0,False,53,34361,643,41375,False,Core credit,2008
557,0.0,468.93193,468.93193,Debit/prepaid only,0.0,False,True,1,0.0,Debit,468.93192999999997,466.05192999999997,468.93192999999997,70651.86,468.93192999999997,466.05192999999997,468.93192999999997,True,59,28245,669,13411,False,Debit,2009
1071,0.0,0.0,0.0,Dormant,,False,True,1,0.0,Debit,0.0,0.0,0.0,0.0,0.0,0.0,0.0,False,26,38363,838,63974,False,Debit,2014
1175,95.0,0.0,95.0,Dormant,,True,True,6,7600.0,Core credit,0.0,0.0,0.0,0.0,95.0,95.0,95.0,False,93,10782,770,346,False,Debit,2005
1936,0.0,561.809005,561.809005,Credit-primary,0.5263127003791686,True,True,5,16400.0,Premium credit,561.809005,487.469005,561.809005,45831.86,561.809005,487.469005,561.809005,True,86,35685,714,1135,False,Debit,2007
182,0.0,0.0,0.0,Dormant,,False,True,2,0.0,Debit,0.0,0.0,0.0,0.0,0.0,0.0,0.0,False,49,50984,616,65126,False,Debit,2000
468,95.0,402.15286,497.15286,Credit-primary,0.5316720286658522,True,True,2,13100.0,Premium credit,402.15286,350.30286,402.15286,36062.42,497.15286,445.30286,497.15286,True,48,47374,714,35312,False,Debit,2008
1651,0.0,2385.70308,2385.70308,Credit-primary,1.0,True,True,2,25400.0,Premium credit,2385.7030799999998,913.66308,2385.7030799999998,139653.06,2385.7030799999998,913.66308,2385.7030799999998,True,33,56018,739,100163,True,Debit,2006
1839,0.0,0.0,0.0,Dormant,,False,True,1,0.0,Debit,0.0,0.0,0.0,0.0,0.0,0.0,0.0,False,59,27439,631,84665,False,Debit,2008
1585,0.0,387.965045,387.965045,Debit/prepaid only,0.0,False,True,3,0.0,Debit,387.965045,381.85504499999996,387.965045,66164.09,387.965045,381.85504499999996,387.965045,True,35,42229,688,0,False,Debit,2013
1245,0.0,455.679455,455.679455,Mixed,0.4909984019102604,True,True,6,9900.0,Core credit,455.679455,447.159455,489.370455,42431.91,455.679455,447.159455,489.370455,True,54,42900,802,111007,False,Debit,1994
732,0.0,80.379215,80.379215,Debit/prepaid only,0.0,True,True,6,9200.0,Core credit,80.379215,79.149215,112.573075,27050.15,80.379215,79.149215,112.573075,True,60,39191,756,43396,False,Prepaid,2003
476,0.0,321.026155,321.026155,Debit/prepaid only,0.0,True,True,3,10100.0,Premium credit,321.02615499999996,318.376155,321.02615499999996,81774.31,321.02615499999996,318.376155,321.02615499999996,True,68,41473,724,98151,False,Debit,2005
164,0.0,421.2636949999999,421.2636949999999,Credit-primary,0.5474146464275484,True,True,4,5100.0,Core credit,421.263695,389.72369499999996,421.263695,36621.49,421.263695,389.72369499999996,421.263695,True,76,37829,658,20185,False,Debit,1999
40,95.0,199.48095499999997,294.480955,Credit-primary,0.503967402722337,True,True,4,8200.0,Core credit,199.480955,131.250955,238.68275,18087.4,294.480955,226.250955,333.68275,True,71,29243,726,30686,False,Core credit,1998
1,0.0,609.7062599999999,609.7062599999999,Credit-primary,1.0,True,True,3,12800.0,Premium credit,609.70626,562.1862600000001,609.70626,36485.57,609.70626,562.1862600000001,609.70626,True,43,45360,704,14587,False,Premium credit,2002
272,0.0,0.0,0.0,Dormant,,True,True,2,14700.0,Premium credit,0.0,0.0,0.0,0.0,0.0,0.0,0.0,False,30,53407,767,125586,False,Debit,2011
988,0.0,785.1668399999999,785.1668399999999,Credit-primary,1.0,True,True,3,17100.0,Premium credit,785.16684,738.00684,785.16684,46193.38,785.16684,738.00684,785.16684,True,68,39832,785,5377,False,Premium credit,2010
660,95.0,378.89118,473.89118,Credit-primary,1.0,True,True,2,12000.0,Premium credit,378.89118,361.97118,378.89118,24193.51,473.89118,456.97118,473.89118,True,31,44041,680,109159,False,Premium credit,2010
1381,0.0,314.63232,314.63232,Debit/prepaid only,0.0,True,True,3,10100.0,Premium credit,314.63232,309.79232,314.63232,71991.64,314.63232,309.79232,314.63232,True,79,29517,690,2470,False,Debit,2005
184,95.0,380.433815,475.433815,Credit-primary,0.5553537420823813,True,True,6,15300.0,Premium credit,380.433815,352.803815,409.573085,34955.27,475.433815,447.803815,504.573085,True,50,43529,797,126175,False,Prepaid,1998
1183,0.0,357.05540499999995,357.05540499999995,Mixed,0.4482249699991301,True,True,4,9100.0,Core credit,357.055405,357.055405,357.055405,32990.71,357.055405,357.055405,357.055405,True,53,32820,740,23004,False,Debit,2004
905,0.0,987.194685,987.194685,Credit-primary,0.5942897250494152,True,True,5,22500.0,Premium credit,987.194685,975.774685,1017.817885,85940.17,987.194685,975.774685,1017.817885,True,69,96901,701,182809,True,Debit,2004
419,0.0,498.88893499999995,498.88893499999995,Credit-primary,0.5147433400257708,True,True,5,8800.0,Core credit,498.888935,458.948935,498.888935,40712.62,498.888935,458.948935,498.888935,True,60,33540,734,74530,False,Debit,2002
1241,0.0,343.9396,343.9396,Debit/prepaid only,0.0,True,True,3,16500.0,Premium credit,343.9396,332.5396,343.9396,115132.2,343.9396,332.5396,343.9396,True,40,49396,814,39549,False,Debit,2004
383,95.0,264.416565,359.416565,Credit-primary,0.5545769317646367,True,True,2,8200.0,Core credit,264.416565,197.386565,264.416565,23153.83,359.416565,292.386565,359.416565,True,48,34287,760,77180,False,Core credit,2003
1816,95.0,403.33734,498.33734,Credit-primary,1.0,True,True,2,10200.0,Premium credit,403.33734,385.33734,403.33734,25739.63,498.33734,480.33734,498.33734,True,39,34241,784,79551,False,Premium credit,2001
1501,0.0,0.0,0.0,Dormant,,True,True,3,8300.0,Core credit,0.0,0.0,0.0,0.0,0.0,0.0,0.0,False,40,36247,712,34079,False,Core credit,2002
497,95.0,745.11194,840.11194,Credit-primary,0.5936078221460013,True,True,5,15400.0,Premium credit,745.11194,713.17194,745.11194,61388.78,840.11194,808.17194,840.11194,True,63,52380,850,8764,False,Debit,2002
44,0.0,394.22429,394.22429,Mixed,0.4655013521664233,True,True,3,3400.0,Core credit,394.22429,227.12429,394.22429,40072.73,394.22429,227.12429,394.22429,True,85,38194,680,1674,False,Core credit,1992
661,95.0,241.46727999999996,336.46727999999996,Mixed,0.4637142695044882,True,True,3,5300.0,Core credit,241.46728,236.66728,241.46728,21680.010000000002,336.46727999999996,331.66728,336.46727999999996,True,64,42831,566,59948,False,Core credit,2013
939,0.0,528.11244,528.11244,Credit-primary,1.0,True,False,2,9000.0,Core credit,528.11244,507.23244,528.11244,35228.58,528.11244,507.23244,528.11244,True,80,34819,696,2971,False,Core credit,2001
947,0.0,170.241905,170.241905,Debit/prepaid only,0.0,False,True,4,0.0,Debit,170.241905,168.57190500000002,341.154905,75837.81,170.241905,168.57190500000002,341.154905,True,63,34637,710,12623,False,Debit,2007
1749,0.0,28.065935,28.065935,Debit/prepaid only,0.0,False,True,2,0.0,Debit,28.065935,27.805935,60.747125,13529.25,28.065935,27.805935,60.747125,True,50,17657,614,21899,False,Prepaid,2005
385,0.0,362.20102,362.20102,Credit-primary,0.5231052543127905,True,True,7,11700.0,Premium credit,362.20102,336.28102,362.20102,31001.39,362.20102,336.28102,362.20102,True,79,30434,740,23883,False,Debit,1999
1298,0.0,265.96904,265.96904,Credit-primary,0.5358832301326302,True,True,2,8500.0,Core credit,265.96904,223.21904,265.96904,22276.98,265.96904,223.21904,265.96904,True,32,25603,729,26348,False,Debit,2010
913,0.0,237.983955,237.983955,Credit-primary,0.7300773743892477,True,True,2,6900.0,Core credit,237.983955,230.423955,237.983955,18755.56,237.983955,230.423955,237.983955,True,56,28476,693,0,False,Debit,2007
1634,0.0,331.53552,331.53552,Credit-primary,0.5414621377160399,True,True,4,4700.0,Core credit,331.53552,280.64552,331.53552,18489.64,331.53552,280.64552,331.53552,True,66,20577,825,60152,False,Debit,2004
804,0.0,635.645595,635.645595,Credit-primary,0.5671106448533955,True,True,5,8900.0,Core credit,635.645595,628.145595,635.645595,49891.34,635.645595,628.145595,635.645595,True,64,30252,812,24172,False,Debit,2000
1703,0.0,1448.0429399999998,1448.0429399999998,Credit-primary,1.0,True,False,2,10600.0,Premium credit,1448.04294,1317.00294,1448.04294,86788.83,1448.04294,1317.00294,1448.04294,True,47,49169,747,65994,True,Premium credit,2008
1741,190.0,647.73653,837.73653,Credit-primary,0.5686157281680874,True,True,9,13600.0,Premium credit,647.73653,647.73653,679.382535,59863.17,837.73653,837.73653,869.382535,True,92,24960,707,889,False,Core credit,2006
766,0.0,0.0,0.0,Dormant,,True,True,3,5400.0,Core credit,0.0,0.0,0.0,0.0,0.0,0.0,0.0,False,44,30967,685,61201,False,Debit,1999
472,0.0,634.068995,634.068995,Mixed,0.4531794402966123,True,True,4,11300.0,Premium credit,634.068995,578.518995,685.529175,82693.8,634.068995,578.518995,685.529175,True,50,46039,672,79738,False,Premium credit,2007
366,0.0,619.156645,619.156645,Credit-primary,0.515301518747016,True,True,7,13700.0,Premium credit,619.156645,600.956645,619.156645,53661.34,619.156645,600.956645,619.156645,True,50,39911,625,93823,False,Core credit,2001
1705,0.0,0.0,0.0,Dormant,,True,True,3,7000.0,Core credit,0.0,0.0,0.0,0.0,0.0,0.0,0.0,False,50,27952,850,2070,False,Core credit,2006
1638,0.0,678.158295,678.158295,Credit-primary,0.5088243702269333,True,True,5,21300.0,Premium credit,678.158295,673.838295,678.158295,58696.54,678.158295,673.838295,678.158295,True,79,57824,668,31354,False,Premium credit,2001
1953,0.0,0.0,0.0,Dormant,,False,False,1,0.0,Prepaid,0.0,0.0,0.0,0.0,0.0,0.0,0.0,False,29,43996,842,16260,False,Prepaid,2009
1771,0.0,217.222015,217.222015,Debit/prepaid only,0.0,False,True,3,0.0,Debit,217.222015,213.30201499999998,291.08298,55531.96,217.222015,213.30201499999998,291.08298,True,41,51943,794,61722,False,Debit,2008
931,0.0,178.563185,178.563185,Debit/prepaid only,0.0,False,True,1,0.0,Debit,178.563185,175.18318499999998,178.563185,46302.33,178.563185,175.18318499999998,178.563185,True,34,69270,540,97114,False,Debit,2005
1190,95.0,469.31531499999994,564.3153149999999,Debit/prepaid only,0.0,True,True,5,13800.0,Premium credit,469.315315,457.28531499999997,510.01736,87416.72,564.315315,552.285315,605.01736,True,49,44383,707,42369,False,Debit,1999
371,0.0,559.61005,559.61005,Mixed,0.1069191054285171,True,True,4,27600.0,Premium credit,559.61005,535.37005,636.03409,135449.88,559.61005,535.37005,636.03409,True,82,92368,719,2689,False,Debit,2007
1404,0.0,112.10969,112.10969,Debit/prepaid only,0.0,False,True,2,0.0,Debit,112.10969,111.28969000000001,112.10969,26747.38,112.10969,111.28969000000001,112.10969,True,52,36472,526,80469,False,Debit,2004
1364,0.0,94.7439,94.7439,Credit-primary,1.0,True,True,2,0.0,Core credit,94.74390000000001,86.10390000000001,94.74390000000001,7694.55,94.74390000000001,86.10390000000001,94.74390000000001,True,47,3,750,5,False,Core credit,2000
327,0.0,464.82114,464.82114,Debit/prepaid only,0.0,True,True,5,14900.0,Premium credit,464.82113999999996,452.82114,464.82113999999996,92310.28,464.82113999999996,452.82114,464.82113999999996,True,44,36843,772,52248,False,Debit,2005
594,0.0,0.0,0.0,Dormant,,False,True,1,0.0,Debit,0.0,0.0,0.0,0.0,0.0,0.0,0.0,False,29,33933,698,5329,False,Debit,2009
1704,0.0,0.0,0.0,Dormant,,False,True,1,0.0,Debit,0.0,0.0,0.0,0.0,0.0,0.0,0.0,False,27,63760,716,151177,False,Debit,2011
1500,0.0,622.8342,622.8342,Credit-primary,0.8137996455771663,True,True,4,14700.0,Premium credit,622.8342,622.8342,739.521775,45962.05,622.8342,622.8342,739.521775,True,53,52904,680,144534,False,Debit,2005
1788,0.0,569.399255,569.399255,Credit-primary,0.5028846876916943,True,True,4,7100.0,Core credit,569.399255,520.019255,569.399255,44814.21,569.399255,520.019255,569.399255,True,59,41845,673,90940,False,Debit,1996
129,0.0,0.0,0.0,Dormant,,False,False,1,0.0,Prepaid,0.0,0.0,0.0,0.0,0.0,0.0,0.0,False,56,44875,510,125909,False,Prepaid,2008
1756,0.0,806.45508,806.45508,Credit-primary,1.0,True,False,2,19100.0,Premium credit,806.45508,801.05508,806.45508,48794.06,806.45508,801.05508,806.45508,True,30,57969,691,92382,False,Premium credit,2008
197,0.0,339.60172,339.60172,Debit/prepaid only,0.0,False,True,3,0.0,Debit,339.60172,325.62172,339.60172,62267.44,339.60172,325.62172,339.60172,True,32,32128,724,58373,False,Debit,2011
219,0.0,197.64766499999996,197.64766499999996,Mixed,0.4682009911353069,True,True,3,7900.0,Core credit,197.647665,197.647665,197.647665,19738.98,197.647665,197.647665,197.647665,True,47,22505,798,27928,False,Core credit,2003
1820,95.0,227.91286999999997,322.91287,Mixed,0.4688529642410076,True,True,5,7900.0,Core credit,227.91287,184.35287,227.91287,22583.69,322.91287,279.35287,322.91287,True,60,38394,693,69393,False,Core credit,2002
726,95.0,196.54124,291.54124,Debit/prepaid only,0.0,True,True,3,9000.0,Core credit,196.54124,190.72124,196.54124,25654.48,291.54124,285.72123999999997,291.54124,True,58,44924,717,27297,False,Core credit,2006
20,0.0,444.629925,444.629925,Credit-primary,0.5214494965589341,True,True,8,16400.0,Premium credit,444.629925,424.55992499999996,444.629925,35773.8,444.629925,424.55992499999996,444.629925,True,86,23371,757,0,False,Debit,2003
216,0.0,55.712509999999995,55.712509999999995,Debit/prepaid only,0.0,False,True,3,0.0,Debit,55.71251,55.71251,115.41507,27424.14,55.71251,55.71251,115.41507,True,60,33178,687,85620,False,Debit,2004
293,0.0,203.13988,203.13988,Debit/prepaid only,0.0,False,True,1,0.0,Debit,203.13988,202.45988,203.13988,34782.76,203.13988,202.45988,203.13988,True,32,42084,661,57760,False,Debit,2008
1996,0.0,150.82765,150.82765,Debit/prepaid only,0.0,True,True,3,9700.0,Core credit,150.82765,150.08765,150.82765,36249.3,150.82765,150.08765,150.82765,True,46,44768,728,59862,False,Debit,1997
1171,0.0,575.6044449999999,575.6044449999999,Credit-primary,0.6142939441263231,True,True,5,13500.0,Premium credit,575.604445,448.794445,614.353575,50426.25,575.604445,448.794445,614.353575,True,90,39214,781,0,False,Prepaid,1997
1154,0.0,0.0,0.0,Dormant,,False,True,4,0.0,Debit,0.0,0.0,0.0,0.0,0.0,0.0,0.0,False,73,38809,788,19912,False,Debit,2003
819,0.0,406.116005,406.116005,Credit-primary,0.5114184514718362,True,True,3,9900.0,Core credit,406.11600500000003,398.166005,406.11600500000003,34328.21,406.11600500000003,398.166005,406.11600500000003,True,55,37495,687,28449,False,Core credit,2002
1554,0.0,0.0,0.0,Dormant,,True,False,1,11300.0,Premium credit,0.0,0.0,0.0,0.0,0.0,0.0,0.0,False,49,51802,696,91118,False,Premium credit,2015
1079,95.0,956.30289,1051.30289,Credit-primary,0.5633695032941212,True,True,3,13400.0,Premium credit,956.3028899999999,876.27289,956.3028899999999,82833.93000000001,1051.30289,971.27289,1051.30289,True,65,103294,831,39076,True,Debit,2003
240,0.0,151.89589,151.89589,Debit/prepaid only,0.0,False,True,2,0.0,Debit,151.89588999999998,148.29588999999999,151.89588999999998,22742.78,151.89588999999998,148.29588999999999,151.89588999999998,True,50,34868,745,51984,False,Debit,2007
751,0.0,766.75518,766.75518,Credit-primary,1.0,True,True,4,20100.0,Premium credit,766.75518,667.03518,766.75518,47736.51,766.75518,667.03518,766.75518,True,61,49677,593,108399,False,Premium credit,2008
773,0.0,112.704795,112.704795,Debit/prepaid only,0.0,False,True,3,0.0,Debit,112.70479499999999,112.70479499999999,260.72603,39793.06,112.70479499999999,112.70479499999999,260.72603,True,67,11029,786,3225,False,Debit,2008
1294,0.0,234.24917,234.24917,Debit/prepaid only,0.0,False,True,2,0.0,Debit,234.24917,220.97916999999998,234.24917,65839.34,234.24917,220.97916999999998,234.24917,True,39,59114,730,132715,False,Debit,2006
1567,0.0,208.804025,208.804025,Debit/prepaid only,0.0,False,True,2,0.0,Debit,208.804025,112.914025,208.804025,55859.05,208.804025,112.914025,208.804025,True,43,40576,747,54011,False,Debit,2006
132,0.0,180.27411,180.27411,Mixed,0.4863661892151155,True,True,4,0.0,Core credit,180.27411,178.64410999999998,193.73361,19514.72,180.27411,178.64410999999998,193.73361,True,77,31555,696,12777,False,Debit,2007
512,0.0,0.0,0.0,Dormant,,False,True,1,0.0,Debit,0.0,0.0,0.0,0.0,0.0,0.0,0.0,False,48,72844,718,207423,False,Debit,2005
178,0.0,213.71522,213.71522,Debit/prepaid only,0.0,False,True,2,0.0,Debit,213.71522,213.71522,213.71522,42724.44,213.71522,213.71522,213.71522,True,47,49045,727,0,False,Debit,2007
1077,0.0,347.83696,347.83696,Debit/prepaid only,0.0,False,True,3,0.0,Debit,347.83696,347.83696,530.662885,55495.77,347.83696,347.83696,530.662885,True,57,12044,576,10323,False,Prepaid,2001
914,0.0,403.166585,403.166585,Mixed,0.4385187079434101,True,True,4,11700.0,Premium credit,403.166585,403.166585,403.166585,57327.52,403.166585,403.166585,403.166585,True,38,46160,763,87459,False,Debit,2004
1840,0.0,418.669775,418.669775,Credit-primary,0.5055527004516281,True,True,5,14600.0,Premium credit,418.669775,376.569775,463.375785,33215.37,418.669775,376.569775,463.375785,True,46,44249,706,103229,False,Core credit,2000
550,0.0,525.9535199999999,525.9535199999999,Mixed,0.4736012567468626,True,True,4,11600.0,Premium credit,525.95352,486.35352,699.336945,63605.49,525.95352,486.35352,699.336945,True,76,30248,763,35766,False,Premium credit,1994
977,190.0,545.04588,735.04588,Mixed,0.4915750922286208,True,True,5,10200.0,Premium credit,545.04588,530.21588,545.04588,44839.66,735.04588,720.21588,735.04588,True,83,22873,710,0,False,Core credit,2006
933,95.0,289.84842,384.84842,Credit-primary,0.6975087807909787,True,False,3,11800.0,Premium credit,289.84842,266.44842,378.75509999999997,27916.05,384.84842,361.44842,473.75509999999997,True,50,43290,690,90238,False,Prepaid,2003
938,0.0,1017.97794,1017.97794,Credit-primary,1.0,True,False,1,12500.0,Premium credit,1017.97794,981.25794,1017.97794,62197.33,1017.97794,981.25794,1017.97794,True,28,50934,720,54406,True,Premium credit,2010
622,0.0,0.0,0.0,Dormant,,False,False,1,0.0,Prepaid,0.0,0.0,0.0,0.0,0.0,0.0,0.0,False,23,87437,738,0,False,Prepaid,2015
796,0.0,0.0,0.0,Dormant,,True,False,1,11800.0,Premium credit,0.0,0.0,0.0,0.0,0.0,0.0,0.0,False,25,43178,746,74257,False,Premium credit,2013
621,0.0,150.64227,150.64227,Debit/prepaid only,0.0,False,True,1,0.0,Debit,150.64227,136.81226999999998,150.64227,27066.54,150.64227,136.81226999999998,150.64227,True,51,27372,612,54474,False,Debit,2000
1687,0.0,462.86985,462.86985,Debit/prepaid only,0.0,False,True,1,0.0,Debit,462.86985,451.37985,462.86985,90058.7,462.86985,451.37985,462.86985,True,70,40189,621,24169,False,Debit,2006
1890,0.0,0.0,0.0,Dormant,,False,True,1,0.0,Debit,0.0,0.0,0.0,0.0,0.0,0.0,0.0,False,29,32024,754,69171,False,Debit,2017
544,0.0,0.0,0.0,Dormant,,False,False,1,0.0,Prepaid,0.0,0.0,0.0,0.0,0.0,0.0,0.0,False,34,59999,676,128311,False,Prepaid,2009
810,95.0,841.4942149999998,936.4942149999998,Credit-primary,0.5875843951412664,True,True,6,10800.0,Premium credit,841.494215,446.974215,841.494215,64620.13,936.494215,541.974215,936.494215,True,77,22540,705,16946,False,Premium credit,2001
58,0.0,224.45881999999995,224.45881999999995,Debit/prepaid only,0.0,False,True,1,0.0,Debit,224.45882,222.79881999999998,224.45882,61798.64,224.45882,222.79881999999998,224.45882,True,38,52512,706,95640,False,Debit,2013
1986,0.0,161.020815,161.020815,Debit/prepaid only,0.0,False,True,2,0.0,Debit,161.020815,153.390815,161.020815,41725.63,161.020815,153.390815,161.020815,True,44,48430,716,62384,False,Debit,2005
1084,95.0,687.7780949999999,782.7780949999999,Credit-primary,0.6273839665547969,True,True,4,20900.0,Premium credit,687.778095,670.268095,687.778095,53070.69,782.778095,765.268095,782.778095,True,36,64262,775,75415,False,Premium credit,2002
1349,95.0,0.0,95.0,Dormant,,True,True,3,6200.0,Core credit,0.0,0.0,0.0,0.0,95.0,95.0,95.0,False,48,28267,799,35727,False,Core credit,2003
1825,0.0,595.888545,595.888545,Credit-primary,0.537029545572501,True,True,4,11300.0,Premium credit,595.888545,577.988545,685.73488,56261.56,595.888545,577.988545,685.73488,True,70,45754,718,9066,False,Premium credit,2006
98,95.0,1330.4527199999998,1425.4527199999998,Credit-primary,1.0,True,False,2,8700.0,Core credit,1330.45272,1265.65272,1330.45272,79265.04,1425.45272,1360.65272,1425.45272,True,80,16646,590,1639,True,Core credit,2004
615,95.0,874.28577,969.28577,Credit-primary,0.5889400853011469,True,True,2,19900.0,Premium credit,874.2857700000001,314.75577000000004,874.2857700000001,75185.39,969.2857700000001,409.75577000000004,969.2857700000001,True,35,44766,713,68989,False,Debit,2007
1488,0.0,423.60412999999994,423.60412999999994,Mixed,0.4765927675632482,True,True,5,11900.0,Premium credit,423.60413,413.70412999999996,423.60413,34189.86,423.60413,413.70412999999996,423.60413,True,34,41091,695,86837,False,Debit,2006
211,0.0,272.888735,272.888735,Debit/prepaid only,0.0,False,True,3,0.0,Debit,272.888735,267.248735,272.888735,24548.47,272.888735,267.248735,272.888735,True,43,28983,755,36482,False,Debit,2004
1443,0.0,642.671115,642.671115,Mixed,0.4685623688005798,True,True,3,8500.0,Core credit,642.671115,613.651115,642.671115,61218.83,642.671115,613.651115,642.671115,True,47,35016,732,54455,False,Core credit,2005
801,0.0,276.69485999999995,276.69485999999995,Credit-primary,0.5374388502041019,True,True,5,8600.0,Core credit,276.69486,254.19486,276.69486,21976.77,276.69486,254.19486,276.69486,True,82,23175,723,1626,False,Debit,2001
655,95.0,275.39494,370.39494,Debit/prepaid only,0.0,True,True,3,7700.0,Core credit,275.39493999999996,204.31493999999998,275.39493999999996,39731.88,370.39493999999996,299.31494,370.39493999999996,True,49,30340,552,64661,False,Debit,2004
669,0.0,400.475025,400.475025,Mixed,0.4200104925918175,True,True,2,9900.0,Core credit,400.475025,398.655025,400.475025,33928.7,400.475025,398.655025,400.475025,True,38,41141,683,71060,False,Core credit,2006
1726,0.0,0.0,0.0,Dormant,,False,True,1,0.0,Debit,0.0,0.0,0.0,0.0,0.0,0.0,0.0,False,67,23533,687,23132,False,Debit,2006
418,0.0,0.0,0.0,Dormant,,False,True,1,0.0,Debit,0.0,0.0,0.0,0.0,0.0,0.0,0.0,False,29,51891,693,83166,False,Debit,2009
242,0.0,197.020285,197.020285,Debit/prepaid only,0.0,False,True,4,0.0,Debit,197.020285,108.910285,197.020285,47829.57,197.020285,108.910285,197.020285,True,41,43560,850,58544,False,Debit,2004
168,0.0,0.0,0.0,Dormant,,False,True,1,0.0,Debit,0.0,0.0,0.0,0.0,0.0,0.0,0.0,False,51,31713,646,42895,False,Debit,2008
960,0.0,0.0,0.0,Dormant,,False,True,1,0.0,Debit,0.0,0.0,0.0,0.0,0.0,0.0,0.0,False,29,53376,750,60953,False,Debit,2017
1911,95.0,0.0,95.0,Dormant,,True,True,4,8900.0,Core credit,0.0,0.0,0.0,0.0,95.0,95.0,95.0,False,58,33793,768,108196,False,Debit,1998
259,0.0,0.0,0.0,Dormant,,False,True,3,0.0,Debit,0.0,0.0,0.0,0.0,0.0,0.0,0.0,False,71,38009,689,20529,False,Debit,2004
300,0.0,154.935635,154.935635,Debit/prepaid only,0.0,False,True,1,0.0,Debit,154.935635,151.455635,154.935635,47310.270000000004,154.935635,151.455635,154.935635,True,40,75711,750,121251,False,Debit,2007
1967,95.0,224.47793,319.47793,Debit/prepaid only,0.0,True,True,4,23900.0,Premium credit,224.47793,215.11793,224.47793,39266.86,319.47793,310.11793,319.47793,True,55,61793,767,686,False,Prepaid,1998
434,95.0,868.48848,963.48848,Credit-primary,1.0,True,False,1,15500.0,Premium credit,868.48848,744.2884799999999,868.48848,55702.36,963.48848,839.2884799999999,963.48848,True,31,53395,785,73370,False,Premium credit,2010
1076,0.0,389.956035,389.956035,Credit-primary,0.5640011288175817,True,True,4,7600.0,Core credit,389.956035,387.616035,389.956035,33238.32,389.956035,387.616035,389.956035,True,61,37342,779,48611,False,Debit,2003
723,0.0,347.49082,347.49082,Credit-primary,0.5643298755063463,True,True,5,10300.0,Premium credit,347.49082,344.01081999999997,383.98807999999997,28614.31,347.49082,344.01081999999997,383.98807999999997,True,59,35397,828,55112,False,Prepaid,2007
1398,0.0,1038.0594999999998,1038.0594999999998,Credit-primary,0.5723791450854653,True,True,5,20100.0,Premium credit,1038.0595,1027.2694999999999,1130.409465,89309.98,1038.0595,1027.2694999999999,1130.409465,True,52,70862,745,16595,True,Debit,1997
1464,0.0,191.808105,191.808105,Debit/prepaid only,0.0,False,True,2,0.0,Debit,191.80810499999998,107.51810499999999,239.62085,69371.7,191.80810499999998,107.51810499999999,239.62085,True,63,49569,682,58019,False,Debit,2002
1505,0.0,0.0,0.0,Dormant,,False,True,1,0.0,Debit,0.0,0.0,0.0,0.0,0.0,0.0,0.0,False,29,37677,685,66737,False,Debit,2009
1130,95.0,833.84803,928.84803,Credit-primary,0.5213111406638892,True,True,3,13500.0,Premium credit,833.84803,811.07803,833.84803,72871.51,928.84803,906.07803,928.84803,True,50,44355,680,44779,False,Debit,2003
62,0.0,282.86107999999996,282.86107999999996,Debit/prepaid only,0.0,False,True,6,0.0,Debit,282.86108,282.86108,282.86108,47099.16,282.86108,282.86108,282.86108,True,78,22290,716,9235,False,Debit,2001
1623,95.0,415.27566,510.27566,Credit-primary,1.0,True,False,2,13300.0,Premium credit,415.27565999999996,409.15565999999995,415.27565999999996,28619.87,510.27565999999996,504.15565999999995,510.27565999999996,True,32,35227,746,25277,False,Premium credit,2009
1416,0.0,681.6649949999999,681.6649949999999,Credit-primary,0.534893989082404,True,True,8,14700.0,Premium credit,681.664995,668.914995,699.9114950000001,65386.19,681.664995,668.914995,699.9114950000001,True,73,48750,709,18724,False,Debit,1996
1998,0.0,104.75413,104.75413,Mixed,0.4493175787478272,True,True,3,100.0,Core credit,104.75413,104.75413,135.69034,10292.03,104.75413,104.75413,135.69034,True,65,645,688,790,False,Prepaid,2007
1299,0.0,350.680975,350.680975,Credit-primary,0.5368064853730252,True,True,2,8800.0,Core credit,350.680975,311.180975,350.680975,30098.5,350.680975,311.180975,350.680975,True,40,37299,723,31923,False,Core credit,2003
303,190.0,1580.611935,1770.611935,Credit-primary,0.5511777762390181,True,True,6,20000.0,Premium credit,1580.611935,1528.391935,1580.611935,142394.62,1770.611935,1718.391935,1770.611935,True,94,60080,690,1807,True,Premium credit,2000
1138,0.0,814.1516849999999,814.1516849999999,Mixed,0.4513134987068149,True,True,3,5600.0,Core credit,814.1516849999999,809.831685,940.2507949999999,84647.59,814.1516849999999,809.831685,940.2507949999999,True,51,41886,768,107734,False,Prepaid,2006
1750,0.0,213.62422499999997,213.62422499999997,Debit/prepaid only,0.0,False,True,2,0.0,Debit,213.624225,200.994225,252.76857,78214.14,213.624225,200.994225,252.76857,True,47,70711,741,100226,False,Prepaid,2003
1117,0.0,326.90707499999996,326.90707499999996,Debit/prepaid only,0.0,False,True,2,0.0,Debit,326.90707499999996,323.677075,326.90707499999996,107171.15,326.90707499999996,323.677075,326.90707499999996,True,49,27691,687,24480,False,Debit,2008
1322,0.0,0.0,0.0,Dormant,,True,False,1,9700.0,Core credit,0.0,0.0,0.0,0.0,0.0,0.0,0.0,False,35,45508,636,93806,False,Core credit,2007
878,95.0,0.0,95.0,Dormant,,True,True,2,5400.0,Core credit,0.0,0.0,0.0,0.0,95.0,95.0,95.0,False,45,40093,615,81752,False,Debit,2017
609,0.0,304.671255,304.671255,Credit-primary,0.5312654515047552,True,True,3,10600.0,Premium credit,304.671255,301.911255,304.671255,21741.41,304.671255,301.911255,304.671255,True,59,37536,717,63386,False,Premium credit,2005
1313,0.0,0.0,0.0,Debit/prepaid only,0.0,True,False,2,6000.0,Core credit,0.0,0.0,337.42398,54518.96,0.0,0.0,337.42398,True,35,30172,653,39959,False,Core credit,2004
1558,0.0,339.99444,339.99444,Debit/prepaid only,0.0,False,True,2,0.0,Debit,339.99444,333.50444,339.99444,93974.86,339.99444,333.50444,339.99444,True,47,51330,597,106161,False,Debit,2005
399,0.0,0.0,0.0,Dormant,,False,True,1,0.0,Debit,0.0,0.0,0.0,0.0,0.0,0.0,0.0,False,37,64252,802,92973,False,Debit,2002
325,0.0,0.0,0.0,Dormant,,True,True,4,6600.0,Core credit,0.0,0.0,0.0,0.0,0.0,0.0,0.0,False,45,39942,709,52441,False,Debit,2003
689,0.0,0.0,0.0,Dormant,,False,True,1,0.0,Debit,0.0,0.0,0.0,0.0,0.0,0.0,0.0,False,65,39077,709,14019,False,Debit,2003
1763,0.0,202.38474999999997,202.38474999999997,Debit/prepaid only,0.0,False,True,2,0.0,Debit,202.38475,197.06475,202.38475,35140.5,202.38475,197.06475,202.38475,True,49,38039,717,27179,False,Debit,1993
884,0.0,526.338905,526.338905,Mixed,0.4475957105469768,True,True,4,8800.0,Core credit,526.338905,477.44890499999997,625.44918,56080.81,526.338905,477.44890499999997,625.44918,True,75,42812,631,22171,False,Debit,2007
1701,0.0,0.0,0.0,Dormant,,True,True,3,6400.0,Core credit,0.0,0.0,0.0,0.0,0.0,0.0,0.0,False,56,23231,726,48624,False,Debit,2003
126,0.0,233.198305,233.198305,Debit/prepaid only,0.0,False,True,4,0.0,Debit,233.198305,218.388305,233.198305,26141.61,233.198305,218.388305,233.198305,True,63,26600,799,0,False,Debit,2006
1051,0.0,0.0,0.0,Dormant,,False,True,1,0.0,Debit,0.0,0.0,0.0,0.0,0.0,0.0,0.0,False,32,49800,694,137460,False,Debit,2007
462,0.0,822.6486099999998,822.6486099999998,Credit-primary,0.6487747187741048,True,True,5,5700.0,Core credit,822.64861,789.87861,822.64861,64989.57,822.64861,789.87861,822.64861,True,63,50696,767,32793,False,Debit,1994
1454,95.0,0.0,95.0,Dormant,,True,False,1,8200.0,Core credit,0.0,0.0,0.0,0.0,95.0,95.0,95.0,False,30,35813,748,43474,False,Core credit,2009
467,0.0,675.5233499999999,675.5233499999999,Credit-primary,0.8648727059292101,True,False,2,14500.0,Premium credit,675.5233499999999,632.37335,675.5233499999999,47704.5,675.5233499999999,632.37335,675.5233499999999,True,38,44831,705,20906,False,Premium credit,2008
1802,0.0,2378.87964,2378.87964,Credit-primary,1.0,True,True,2,8400.0,Core credit,2378.87964,2378.87964,2378.87964,136652.98,2378.87964,2378.87964,2378.87964,True,39,59313,802,102360,True,Debit,2005
1563,0.0,499.76422999999994,499.76422999999994,Mixed,0.4292677294391184,True,True,4,2900.0,Core credit,499.76423,483.98423,499.76423,43129.96,499.76423,483.98423,499.76423,True,49,22583,683,62461,False,Debit,2003
709,0.0,246.85197,246.85197,Debit/prepaid only,0.0,False,True,3,0.0,Debit,246.85197,238.49196999999998,246.85197,39666.94,246.85197,238.49196999999998,246.85197,True,26,42931,742,48783,False,Debit,2012
372,0.0,0.0,0.0,Dormant,,False,True,1,0.0,Debit,0.0,0.0,0.0,0.0,0.0,0.0,0.0,False,32,24668,756,22338,False,Debit,2011
929,95.0,0.0,95.0,Dormant,,True,False,1,36200.0,Premium credit,0.0,0.0,0.0,0.0,95.0,95.0,95.0,False,63,56102,850,59198,False,Premium credit,2005
253,0.0,0.0,0.0,Dormant,,True,False,1,800.0,Core credit,0.0,0.0,0.0,0.0,0.0,0.0,0.0,False,61,44257,664,110587,False,Core credit,2001
1549,0.0,566.25949,566.25949,Credit-primary,0.6653361996722569,True,True,5,14200.0,Premium credit,566.25949,516.23949,580.784365,47158.88,566.25949,516.23949,580.784365,True,68,63355,747,140526,False,Debit,2003
529,95.0,0.0,95.0,Dormant,,True,True,4,9300.0,Core credit,0.0,0.0,0.0,0.0,95.0,95.0,95.0,False,55,45767,721,41791,False,Prepaid,2006
1306,0.0,0.0,0.0,Dormant,,True,True,2,0.0,Core credit,0.0,0.0,0.0,0.0,0.0,0.0,0.0,False,46,33137,706,40559,False,Core credit,2006
1798,95.0,0.0,95.0,Dormant,,True,True,2,9000.0,Core credit,0.0,0.0,0.0,0.0,95.0,95.0,95.0,False,79,37898,517,32994,False,Debit,2007
1829,0.0,0.0,0.0,Dormant,,False,True,1,0.0,Debit,0.0,0.0,0.0,0.0,0.0,0.0,0.0,False,25,44204,710,59310,False,Debit,2016
1881,0.0,569.8631349999998,569.8631349999998,Credit-primary,0.5449675074143074,True,True,6,15800.0,Premium credit,569.8631349999999,569.603135,569.8631349999999,38813.47,569.8631349999999,569.603135,569.8631349999999,True,67,56542,733,9097,False,Debit,2004
1706,95.0,0.0,95.0,Dormant,,True,False,1,10600.0,Premium credit,0.0,0.0,0.0,0.0,95.0,95.0,95.0,False,24,26839,805,70077,False,Premium credit,2014
848,95.0,583.1586199999999,678.1586199999999,Credit-primary,0.5663333659809835,True,True,2,13700.0,Premium credit,583.15862,569.10862,583.15862,56563.54,678.15862,664.10862,678.15862,True,51,68362,711,96182,False,Premium credit,2005
1044,0.0,0.0,0.0,Dormant,,False,True,1,0.0,Debit,0.0,0.0,0.0,0.0,0.0,0.0,0.0,False,30,45649,693,150985,False,Debit,2010
1112,0.0,0.0,0.0,Dormant,,True,True,4,6000.0,Core credit,0.0,0.0,0.0,0.0,0.0,0.0,0.0,False,34,29897,760,27736,False,Debit,2005
802,0.0,770.1293299999999,770.1293299999999,Credit-primary,0.6001316483449407,True,True,4,21400.0,Premium credit,770.12933,747.62933,770.12933,65204.01,770.12933,747.62933,770.12933,True,35,59872,752,95927,False,Premium credit,2005
859,0.0,505.00283499999995,505.00283499999995,Mixed,0.4865208003728289,True,True,4,8800.0,Core credit,505.002835,486.832835,505.002835,46305.42,505.002835,486.832835,505.002835,True,51,32531,631,78193,False,Core credit,2010
441,0.0,206.37994,206.37994,Debit/prepaid only,0.0,False,True,1,0.0,Debit,206.37994,199.61993999999999,206.37994,38653.88,206.37994,199.61993999999999,206.37994,True,41,46108,635,64994,False,Debit,2010
879,0.0,451.636095,451.636095,Mixed,0.482106018728306,True,True,3,5100.0,Core credit,451.636095,451.636095,451.636095,39259.29,451.636095,451.636095,451.636095,True,54,22714,702,27227,False,Debit,1999
1437,0.0,642.916305,642.916305,Credit-primary,0.572138953381721,True,True,3,11400.0,Premium credit,642.916305,581.646305,642.916305,41921.11,642.916305,581.646305,642.916305,True,77,44807,751,13730,False,Debit,2004
1413,0.0,524.223,524.223,Mixed,0.4996867306690291,True,True,5,6500.0,Core credit,524.223,517.983,524.223,39055.85,524.223,517.983,524.223,True,39,31170,685,33165,False,Core credit,2007
1710,0.0,345.7888,345.7888,Mixed,0.492029537943996,True,True,3,11700.0,Premium credit,345.7888,312.2588,345.7888,31153.15,345.7888,312.2588,345.7888,True,33,40029,787,0,False,Debit,2009
1037,0.0,0.0,0.0,Dormant,,True,True,2,7500.0,Core credit,0.0,0.0,0.0,0.0,0.0,0.0,0.0,False,38,50957,653,73187,False,Debit,2007
107,0.0,55.712959999999995,55.712959999999995,Debit/prepaid only,0.0,True,True,4,5500.0,Core credit,55.71296,52.20296,87.55979500000001,20704.59,55.71296,52.20296,87.55979500000001,True,50,26758,734,41064,False,Debit,1996
1247,0.0,589.8868,589.8868,Mixed,0.4926542363586509,True,True,5,5700.0,Core credit,589.8868,571.1068,589.8868,58352.0,589.8868,571.1068,589.8868,True,69,44152,700,90526,False,Debit,2004
10,0.0,0.0,0.0,Dormant,,False,True,1,0.0,Debit,0.0,0.0,0.0,0.0,0.0,0.0,0.0,False,30,58865,727,94134,False,Debit,2008
1725,0.0,248.76679,248.76679,Debit/prepaid only,0.0,False,True,6,0.0,Debit,248.76679,236.86679,248.76679,57060.58,248.76679,236.86679,248.76679,True,49,42652,729,133935,False,Prepaid,2001
1145,0.0,1229.5518899999995,1229.5518899999995,Credit-primary,0.5514382140617914,True,True,3,17500.0,Premium credit,1229.55189,774.81189,1229.55189,98583.03,1229.55189,774.81189,1229.55189,True,43,75080,747,35268,True,Prepaid,2005
864,0.0,0.0,0.0,Dormant,,True,False,3,19100.0,Premium credit,0.0,0.0,0.0,0.0,0.0,0.0,0.0,False,56,39146,766,72957,False,Premium credit,2003
1357,380.0,551.91608,931.91608,Credit-primary,0.5095866757620885,True,True,7,14600.0,Premium credit,551.91608,538.49608,551.91608,40841.06,931.91608,918.49608,931.91608,True,75,11410,812,0,False,Core credit,1995
1344,0.0,667.8789449999999,667.8789449999999,Credit-primary,0.5145420775863966,True,True,2,5300.0,Core credit,667.8789449999999,630.882245,667.8789449999999,57243.54,667.8789449999999,630.882245,667.8789449999999,True,61,46843,736,66529,False,Debit,2003
1748,0.0,0.0,0.0,Dormant,,False,True,1,0.0,Debit,0.0,0.0,0.0,0.0,0.0,0.0,0.0,False,44,54659,628,73363,False,Debit,2010
1123,0.0,185.15358,185.15358,Credit-primary,0.5636687265393422,True,True,3,9000.0,Core credit,185.15358,179.75358,271.7471,20899.35,185.15358,179.75358,271.7471,True,44,27896,710,42046,False,Core credit,2002
546,95.0,563.7295949999999,658.7295949999999,Credit-primary,0.6205709004997383,True,True,3,17900.0,Premium credit,563.729595,506.429595,563.729595,48413.34,658.729595,601.4295950000001,658.729595,True,51,51196,681,26617,False,Debit,1998
430,95.0,1239.1342149999998,1334.1342149999998,Credit-primary,0.5403125445983818,True,True,5,17700.0,Premium credit,1239.134215,710.374215,1369.76596,116105.67,1334.134215,805.374215,1464.76596,True,52,53350,685,128676,True,Premium credit,2000
61,0.0,1011.0851199999998,1011.0851199999998,Credit-primary,0.615644728836966,True,True,3,25200.0,Premium credit,1011.08512,1010.13512,1011.08512,82940.14,1011.08512,1010.13512,1011.08512,True,44,93406,801,151935,True,Debit,2009
1621,0.0,532.7849,532.7849,Mixed,0.4933783265713636,True,True,4,25100.0,Premium credit,532.7849,529.3249,532.7849,48777.7,532.7849,529.3249,532.7849,True,66,74059,744,144396,False,Debit,2005
269,0.0,0.0,0.0,Dormant,,False,False,1,0.0,Prepaid,0.0,0.0,0.0,0.0,0.0,0.0,0.0,False,21,38739,689,0,False,Prepaid,2018
37,0.0,592.1645649999999,592.1645649999999,Mixed,0.4782641002713224,True,True,3,0.0,Core credit,592.164565,583.834565,592.164565,71730.18,592.164565,583.834565,592.164565,True,41,34690,683,48954,False,Debit,2009
1793,95.0,169.95167999999998,264.95168,Credit-primary,0.5776660673541293,True,False,3,7300.0,Core credit,169.95168,135.03168,229.59678,19844.96,264.95168,230.03168,324.59677999999997,True,37,29297,825,36303,False,Prepaid,2011
1846,0.0,333.02717999999993,333.02717999999993,Credit-primary,1.0,True,True,4,6900.0,Core credit,333.02718,252.02718,333.02718,20702.51,333.02718,252.02718,333.02718,True,82,33356,566,938,False,Core credit,2005
116,0.0,171.83095,171.83095,Debit/prepaid only,0.0,False,True,2,0.0,Debit,171.83095,160.56095,282.894665,66500.33,171.83095,160.56095,282.894665,True,31,67230,685,45269,False,Debit,2012
752,0.0,133.126265,133.126265,Debit/prepaid only,0.0,True,True,3,12900.0,Premium credit,133.126265,126.936265,133.126265,50169.53,133.126265,126.936265,133.126265,True,65,64829,664,15537,False,Debit,2001
683,0.0,514.00649,514.00649,Credit-primary,0.5244713541487694,True,True,5,20700.0,Premium credit,514.00649,484.83648999999997,514.00649,45107.23,514.00649,484.83648999999997,514.00649,True,61,51039,704,0,False,Debit,2005
559,0.0,0.0,0.0,Dormant,,False,True,2,0.0,Debit,0.0,0.0,0.0,0.0,0.0,0.0,0.0,False,56,35468,490,53185,False,Debit,2006
1338,0.0,0.0,0.0,Dormant,,False,True,2,0.0,Debit,0.0,0.0,0.0,0.0,0.0,0.0,0.0,False,33,47023,765,0,False,Debit,2008
75,0.0,453.98748,453.98748,Mixed,0.4044473853313137,True,True,4,9500.0,Core credit,453.98748,418.08747999999997,453.98748,43433.61,453.98748,418.08747999999997,453.98748,True,80,22326,564,1620,False,Core credit,2003
100,0.0,152.847385,152.847385,Debit/prepaid only,0.0,True,True,6,16200.0,Premium credit,152.847385,147.997385,152.847385,48655.77,152.847385,147.997385,152.847385,True,56,48944,813,79960,False,Debit,2003
1140,0.0,474.0786399999999,474.0786399999999,Credit-primary,0.5264412945037448,True,True,5,17000.0,Premium credit,474.07864,458.04864,549.118695,44414.24,474.07864,458.04864,549.118695,True,44,55351,703,152645,False,Premium credit,2003
362,0.0,254.358385,254.358385,Debit/prepaid only,0.0,False,True,3,0.0,Debit,254.358385,245.338385,254.358385,76588.77,254.358385,245.338385,254.358385,True,37,48710,792,59824,False,Debit,2005
1458,0.0,135.988295,135.988295,Debit/prepaid only,0.0,False,True,3,0.0,Debit,135.988295,127.068295,135.988295,30506.59,135.988295,127.068295,135.988295,True,32,35755,708,61748,False,Debit,2006
976,0.0,998.57065,998.57065,Credit-primary,0.5683440456980766,True,True,4,14700.0,Premium credit,998.57065,978.40065,998.57065,83198.25,998.57065,978.40065,998.57065,True,67,62669,760,70317,True,Debit,1999
71,0.0,0.0,0.0,Dormant,,True,False,2,9100.0,Core credit,0.0,0.0,0.0,0.0,0.0,0.0,0.0,False,39,32801,701,44496,False,Core credit,2010
375,0.0,156.17318,156.17318,Debit/prepaid only,0.0,False,True,3,0.0,Debit,156.17318,153.59318,156.17318,21116.36,156.17318,153.59318,156.17318,True,50,37617,695,57746,False,Debit,2007
403,0.0,80.759585,80.759585,Debit/prepaid only,0.0,False,True,1,0.0,Debit,80.759585,76.139585,80.759585,22941.17,80.759585,76.139585,80.759585,True,33,36496,759,119670,False,Debit,2005
983,0.0,196.273365,196.273365,Debit/prepaid only,0.0,False,True,5,0.0,Debit,196.273365,182.623365,196.273365,37832.73,196.273365,182.623365,196.273365,True,77,47993,827,3080,False,Debit,2003
435,0.0,0.0,0.0,Dormant,,False,True,2,0.0,Debit,0.0,0.0,0.0,0.0,0.0,0.0,0.0,False,71,23350,679,19515,False,Debit,2007
542,190.0,375.35688,565.35688,Credit-primary,1.0,True,False,5,12300.0,Premium credit,375.35688,353.39688,375.35688,24790.16,565.35688,543.39688,565.35688,True,52,29496,704,49681,False,Core credit,2001
1090,0.0,0.0,0.0,Dormant,,True,True,5,14400.0,Premium credit,0.0,0.0,0.0,0.0,0.0,0.0,0.0,False,59,42825,850,105122,False,Premium credit,2005
60,0.0,729.549805,729.549805,Credit-primary,0.5672630350556122,True,True,4,6400.0,Core credit,729.549805,715.819805,764.186595,66291.24,729.549805,715.819805,764.186595,True,47,34057,655,59247,False,Debit,1998
287,0.0,209.095625,209.095625,Debit/prepaid only,0.0,False,True,3,0.0,Debit,209.095625,197.815625,209.095625,32580.25,209.095625,197.815625,209.095625,True,42,43181,710,57199,False,Debit,2002
1857,0.0,950.3638,950.3638,Credit-primary,0.5939485124833355,True,True,4,27700.0,Premium credit,950.3638,849.5938,950.3638,77597.45,950.3638,849.5938,950.3638,True,32,97248,775,197100,False,Premium credit,2007
1291,0.0,480.18241,480.18241,Credit-primary,0.5004835253301559,True,True,2,1900.0,Core credit,480.18241,480.18241,480.18241,46109.270000000004,480.18241,480.18241,480.18241,True,43,34869,699,53381,False,Core credit,2004
408,0.0,1865.30463,1865.30463,Credit-primary,0.9273718882018078,True,True,3,6900.0,Core credit,1865.30463,1800.57463,1865.30463,112936.70999999999,1865.30463,1800.57463,1865.30463,True,58,31343,741,49537,True,Core credit,2001
173,0.0,193.706695,193.706695,Debit/prepaid only,0.0,False,True,4,0.0,Debit,193.706695,186.81669499999998,250.870235,66240.47,193.706695,186.81669499999998,250.870235,True,63,30399,668,19404,False,Debit,2000
1787,0.0,800.134695,800.134695,Mixed,0.4911369713590826,True,True,6,15500.0,Premium credit,800.1346950000001,779.974695,800.1346950000001,71526.34,800.1346950000001,779.974695,800.1346950000001,True,52,58278,689,51539,False,Premium credit,1998
1800,0.0,0.0,0.0,Dormant,,True,False,2,11000.0,Premium credit,0.0,0.0,0.0,0.0,0.0,0.0,0.0,False,62,9445,641,14856,False,Prepaid,2001
438,0.0,92.21833,92.21833,Debit/prepaid only,0.0,False,True,2,0.0,Debit,92.21833,91.44833,92.21833,21469.66,92.21833,91.44833,92.21833,True,32,34034,633,55846,False,Debit,2008
1988,0.0,1588.62244,1588.62244,Credit-primary,0.567055132426692,True,True,5,37400.0,Premium credit,1588.62244,1541.68244,1588.62244,139655.38,1588.62244,1541.68244,1588.62244,True,59,109440,737,180865,True,Debit,2007
1250,0.0,506.26312499999995,506.26312499999995,Credit-primary,0.5476150055410153,True,True,5,7500.0,Core credit,506.263125,503.643125,506.263125,38169.9,506.263125,503.643125,506.263125,True,85,38499,746,1493,False,Core credit,2004
1072,0.0,252.72777,252.72777,Debit/prepaid only,0.0,False,True,1,0.0,Debit,252.72776999999996,241.16777,252.72776999999996,49098.54,252.72776999999996,241.16777,252.72776999999996,True,48,40017,648,75377,False,Debit,2009
1841,0.0,0.0,0.0,Dormant,,False,True,1,0.0,Debit,0.0,0.0,0.0,0.0,0.0,0.0,0.0,False,28,40381,730,63008,False,Debit,2017
1202,0.0,217.14186499999997,217.14186499999997,Credit-primary,0.9996607497060326,True,True,3,0.0,Core credit,217.141865,189.061865,217.141865,13470.880000000001,217.141865,189.061865,217.141865,True,63,4,691,0,False,Core credit,2005
235,0.0,149.9534,149.9534,Mixed,0.0025033915826257,True,True,3,25300.0,Premium credit,149.9534,135.9534,149.9534,38403.9,149.9534,135.9534,149.9534,True,32,48676,721,110589,False,Debit,2008
1766,95.0,220.27971999999997,315.27972,Mixed,0.473419594063137,True,True,4,8200.0,Core credit,220.27972,213.02972,220.27972,18549.19,315.27972,308.02972,315.27972,True,62,20377,789,12092,False,Debit,2002
1702,0.0,153.96183000000002,153.96183000000002,Debit/prepaid only,0.0,False,True,5,0.0,Debit,153.96183,147.82183,194.74025,39958.5,153.96183,147.82183,194.74025,True,53,40470,691,87086,False,Prepaid,1994
1142,0.0,792.7138249999999,792.7138249999999,Credit-primary,0.6971067778700953,True,True,3,20600.0,Premium credit,792.713825,754.373825,792.713825,61562.85,792.713825,754.373825,792.713825,True,52,79272,716,107029,False,Debit,2007
1653,0.0,0.0,0.0,Dormant,,False,True,1,0.0,Debit,0.0,0.0,0.0,0.0,0.0,0.0,0.0,False,42,59663,681,89579,False,Debit,2011
1982,0.0,0.0,0.0,Dormant,,False,True,1,0.0,Debit,0.0,0.0,0.0,0.0,0.0,0.0,0.0,False,30,69412,699,64273,False,Debit,2010
48,0.0,126.23772,126.23772,Debit/prepaid only,0.0,False,True,3,0.0,Debit,126.23772,126.23772,173.408685,35364.37,126.23772,126.23772,173.408685,True,69,16542,733,36831,False,Prepaid,2006
1582,0.0,240.094015,240.094015,Debit/prepaid only,0.0,False,True,1,0.0,Debit,240.09401499999998,232.694015,240.09401499999998,64048.03,240.09401499999998,232.694015,240.09401499999998,True,23,59479,688,69645,False,Debit,2015
656,0.0,0.0,0.0,Dormant,,False,True,1,0.0,Debit,0.0,0.0,0.0,0.0,0.0,0.0,0.0,False,61,52633,704,137109,False,Debit,2010
1862,0.0,628.3558800000001,628.3558800000001,Credit-primary,1.0,True,False,1,10200.0,Premium credit,628.35588,569.67588,628.35588,38887.66,628.35588,569.67588,628.35588,True,25,37864,686,57052,False,Premium credit,2016
1808,0.0,320.861535,320.861535,Mixed,0.4569759643023351,True,True,2,9100.0,Core credit,320.861535,320.861535,320.861535,32145.52,320.861535,320.861535,320.861535,True,31,35331,697,55566,False,Core credit,2008
277,0.0,366.653,366.653,Credit-primary,0.5130299465181338,True,True,5,8600.0,Core credit,366.653,355.123,416.039145,30658.99,366.653,355.123,416.039145,True,46,31739,799,81905,False,Core credit,2000
516,0.0,0.0,0.0,Dormant,,False,True,3,0.0,Debit,0.0,0.0,0.0,0.0,0.0,0.0,0.0,False,35,34542,697,35474,False,Debit,2008
159,0.0,0.0,0.0,Dormant,,True,True,3,5900.0,Core credit,0.0,0.0,0.0,0.0,0.0,0.0,0.0,False,53,28134,707,20231,False,Debit,1995
478,0.0,613.00476,613.00476,Credit-primary,0.6272540827190005,True,True,3,15600.0,Premium credit,613.0047599999999,592.39476,615.573325,49783.0,613.0047599999999,592.39476,615.573325,True,54,72807,803,0,False,Prepaid,2005
772,0.0,136.617165,136.617165,Debit/prepaid only,0.0,False,True,3,0.0,Debit,136.617165,133.827165,185.9749,30249.8,136.617165,133.827165,185.9749,True,62,46075,741,139335,False,Prepaid,2002
1537,0.0,0.0,0.0,Dormant,,False,False,1,0.0,Prepaid,0.0,0.0,0.0,0.0,0.0,0.0,0.0,False,35,36213,637,48364,False,Prepaid,2006
1429,0.0,250.958135,250.958135,Debit/prepaid only,0.0,False,True,4,0.0,Debit,250.958135,238.338135,250.958135,49339.27,250.958135,238.338135,250.958135,True,62,33556,799,10619,False,Debit,2012
1228,0.0,603.9305199999999,603.9305199999999,Credit-primary,0.5581892747899054,True,True,5,7600.0,Core credit,603.93052,583.15052,603.93052,50368.99,603.93052,583.15052,603.93052,True,54,47482,726,59590,False,Debit,2000
991,0.0,0.0,0.0,Dormant,,True,False,1,3100.0,Core credit,0.0,0.0,0.0,0.0,0.0,0.0,0.0,False,52,36927,554,54145,False,Core credit,2007
1242,0.0,618.4967399999999,618.4967399999999,Credit-primary,1.0,True,False,2,7400.0,Core credit,618.49674,528.49674,618.49674,38581.93,618.49674,528.49674,618.49674,True,52,30509,641,56953,False,Core credit,2005
1759,23.75,798.5679949999999,822.3179949999999,Mixed,0.4728295982474549,True,True,5,12300.0,Premium credit,798.567995,757.527995,798.567995,66865.04,822.317995,781.277995,822.317995,True,87,33279,778,1642,False,Premium credit,2005
1058,95.0,671.5036249999999,766.5036249999999,Mixed,0.4321840482624289,True,True,4,8000.0,Core credit,671.503625,616.463625,671.503625,62301.05,766.503625,711.463625,766.503625,True,61,35196,684,51751,False,Debit,1999
1730,0.0,285.8356,285.8356,Debit/prepaid only,0.0,False,True,3,0.0,Debit,285.8356,280.1456,285.8356,30283.2,285.8356,280.1456,285.8356,True,52,44128,739,148684,False,Debit,2011
1224,0.0,910.27676,910.27676,Mixed,0.4951323690939789,True,True,3,15700.0,Premium credit,910.27676,908.89676,910.27676,81728.67,910.27676,908.89676,910.27676,True,42,53464,751,20683,False,Premium credit,2000
1940,0.0,320.77522999999997,320.77522999999997,Mixed,0.4746324243836782,True,True,5,9100.0,Core credit,320.77523,302.79523,320.77523,25164.21,320.77523,302.79523,320.77523,True,40,26865,826,19529,False,Debit,2001
895,0.0,390.126615,390.126615,Mixed,0.4679672357181161,True,True,3,10300.0,Premium credit,390.126615,351.506615,390.126615,40484.33,390.126615,351.506615,390.126615,True,46,31632,832,76538,False,Prepaid,2007
1556,0.0,71.10325999999999,71.10325999999999,Debit/prepaid only,0.0,False,True,2,0.0,Debit,71.10326,60.17326,103.310255,26376.510000000002,71.10326,60.17326,103.310255,True,30,48277,740,110153,False,Prepaid,2008
1972,190.0,292.732615,482.732615,Mixed,0.4683412067966959,True,True,4,6000.0,Core credit,292.732615,292.732615,292.732615,24897.98,482.732615,482.732615,482.732615,True,73,13089,772,10928,False,Core credit,2004
86,0.0,199.70034,199.70034,Debit/prepaid only,0.0,False,True,2,0.0,Debit,199.70033999999998,187.81034,199.70033999999998,33002.68,199.70033999999998,187.81034,199.70033999999998,True,24,23212,799,25138,False,Debit,2015
1189,0.0,321.03228,321.03228,Credit-primary,0.5344631892293052,True,True,3,15200.0,Premium credit,321.03227999999996,295.85228,321.03227999999996,26827.61,321.03227999999996,295.85228,321.03227999999996,True,63,31582,693,23359,False,Debit,2004
921,0.0,355.38245,355.38245,Debit/prepaid only,0.0,False,True,8,0.0,Debit,355.38245,354.57245,355.38245,93409.9,355.38245,354.57245,355.38245,True,74,54013,779,3628,False,Debit,2007
393,0.0,130.26369,130.26369,Debit/prepaid only,0.0,False,True,1,0.0,Debit,130.26369,130.26369,130.26369,26056.38,130.26369,130.26369,130.26369,True,41,32387,765,65171,False,Debit,2006
1254,0.0,292.604185,292.604185,Credit-primary,0.6062202905483902,True,True,4,14000.0,Premium credit,292.604185,232.49418500000002,338.56539,26003.93,292.604185,232.49418500000002,338.56539,True,61,34619,747,13326,False,Prepaid,2005
212,95.0,293.27844999999996,388.27845,Mixed,0.4571710103534452,True,True,5,10200.0,Premium credit,293.27845,283.11845,293.27845,24508.75,388.27845,378.11845,388.27845,True,52,28137,797,88482,False,Debit,2001
1262,0.0,215.558345,215.558345,Debit/prepaid only,0.0,False,True,3,0.0,Debit,215.558345,210.748345,215.558345,20914.69,215.558345,210.748345,215.558345,True,56,27981,717,62926,False,Debit,2001
122,0.0,438.763695,438.763695,Mixed,0.4553666639867086,True,True,4,8800.0,Core credit,438.763695,390.923695,438.763695,41542.94,438.763695,390.923695,438.763695,True,65,39221,786,45409,False,Debit,2002
1118,0.0,1520.3380949999998,1520.3380949999998,Credit-primary,0.6846867712068234,True,True,3,17100.0,Premium credit,1520.338095,1512.228095,1520.338095,120507.44,1520.338095,1512.228095,1520.338095,True,25,83104,714,222502,True,Debit,2013
974,0.0,0.0,0.0,Dormant,,True,True,2,10900.0,Premium credit,0.0,0.0,0.0,0.0,0.0,0.0,0.0,False,59,48867,644,92873,False,Debit,2007
1274,95.0,1342.951785,1437.951785,Credit-primary,0.6494408121673834,True,True,5,10700.0,Premium credit,1342.951785,1317.411785,1342.951785,99421.87,1437.951785,1412.411785,1437.951785,True,49,49464,705,123198,True,Debit,2001
1453,0.0,404.903325,404.903325,Debit/prepaid only,0.0,False,True,2,0.0,Debit,404.903325,396.543325,404.903325,53074.65,404.903325,396.543325,404.903325,True,37,36122,641,51593,False,Debit,2007
1023,0.0,0.0,0.0,Dormant,,True,False,1,17100.0,Premium credit,0.0,0.0,0.0,0.0,0.0,0.0,0.0,False,49,48688,679,81995,False,Premium credit,2001
1903,0.0,812.386405,812.386405,Credit-primary,0.5625283572917992,True,True,3,14900.0,Premium credit,812.386405,801.396405,812.386405,64996.51,812.386405,801.396405,812.386405,True,50,71427,709,115702,False,Premium credit,2008
604,95.0,599.6885199999999,694.6885199999999,Credit-primary,0.563800021760376,True,True,4,16000.0,Premium credit,599.68852,579.9085200000001,607.33266,52113.07,694.68852,674.9085200000001,702.33266,True,60,70840,736,52578,False,Prepaid,2008
1637,95.0,0.0,95.0,Dormant,,True,False,2,21700.0,Premium credit,0.0,0.0,0.0,0.0,95.0,95.0,95.0,False,32,54804,687,172493,False,Premium credit,2006
1470,0.0,141.939945,141.939945,Debit/prepaid only,0.0,False,True,4,0.0,Debit,141.939945,135.559945,141.939945,22048.89,141.939945,135.559945,141.939945,True,88,22371,700,994,False,Debit,2008
1856,0.0,106.434815,106.434815,Debit/prepaid only,0.0,True,True,4,10600.0,Premium credit,106.434815,105.704815,190.72647999999998,35833.96,106.434815,105.704815,190.72647999999998,True,51,37467,784,50461,False,Debit,2008
907,0.0,0.0,0.0,Dormant,,True,False,2,14700.0,Premium credit,0.0,0.0,0.0,0.0,0.0,0.0,0.0,False,32,62492,686,18680,False,Premium credit,2006
1923,0.0,539.63226,539.63226,Credit-primary,1.0,True,True,2,11400.0,Premium credit,539.63226,494.27226,539.63226,35686.57,539.63226,494.27226,539.63226,True,42,35119,850,57463,False,Premium credit,2003
674,0.0,459.077585,459.077585,Mixed,0.4488904124667054,True,True,7,8000.0,Core credit,459.077585,447.577585,459.077585,33342.57,459.077585,447.577585,459.077585,True,63,28147,756,25987,False,Debit,1995
548,0.0,0.0,0.0,Dormant,,False,True,2,0.0,Debit,0.0,0.0,0.0,0.0,0.0,0.0,0.0,False,33,29996,809,44313,False,Debit,2009
209,0.0,463.61439500000006,463.61439500000006,Mixed,0.4208594219233089,True,True,6,8900.0,Core credit,463.614395,435.224395,463.614395,39242.89,463.614395,435.224395,463.614395,True,61,29206,716,25966,False,Core credit,2000
730,0.0,0.0,0.0,Dormant,,True,True,3,19400.0,Premium credit,0.0,0.0,0.0,0.0,0.0,0.0,0.0,False,51,84944,713,57746,False,Premium credit,1999
627,0.0,0.0,0.0,Dormant,,True,False,1,4200.0,Core credit,0.0,0.0,0.0,0.0,0.0,0.0,0.0,False,50,45674,717,83331,False,Core credit,2018
924,0.0,0.0,0.0,Dormant,,True,False,1,5800.0,Core credit,0.0,0.0,0.0,0.0,0.0,0.0,0.0,True,48,40392,645,52417,False,Core credit,2008
894,0.0,0.0,0.0,Dormant,,True,False,3,9300.0,Core credit,0.0,0.0,0.0,0.0,0.0,0.0,0.0,False,41,40334,597,65793,False,Core credit,2006
1633,95.0,396.11327499999993,491.11327499999993,Credit-primary,0.513760876472601,True,True,2,15000.0,Premium credit,396.113275,395.183275,396.113275,32731.2,491.113275,490.183275,491.113275,True,36,42927,687,132343,False,Debit,2004
720,0.0,74.774055,74.774055,Debit/prepaid only,0.0,False,True,2,0.0,Debit,74.774055,71.174055,74.774055,14281.11,74.774055,71.174055,74.774055,True,36,19800,682,40038,False,Debit,2004
264,0.0,664.6914,664.6914,Credit-primary,1.0,True,False,1,10600.0,Premium credit,664.6913999999999,430.3314,664.6913999999999,42520.3,664.6913999999999,430.3314,664.6913999999999,True,49,44303,696,53407,False,Premium credit,2009
827,0.0,407.53917,407.53917,Credit-primary,0.5544398568058506,True,True,4,7100.0,Core credit,407.53917,364.95917,407.53917,32093.49,407.53917,364.95917,407.53917,True,61,30984,616,39222,False,Debit,2001
414,0.0,200.981995,200.981995,Debit/prepaid only,0.0,True,True,2,23500.0,Premium credit,200.98199499999998,200.98199499999998,200.98199499999998,92016.98999999999,200.98199499999998,200.98199499999998,200.98199499999998,True,45,112875,709,44432,False,Debit,2001
1439,0.0,178.177025,178.177025,Debit/prepaid only,0.0,False,True,2,0.0,Debit,178.177025,167.77702499999998,178.177025,14834.050000000001,178.177025,167.77702499999998,178.177025,True,28,29371,715,32300,False,Debit,2010
843,0.0,329.72042,329.72042,Mixed,0.4391280838513521,True,True,4,6600.0,Core credit,329.72042,326.25041999999996,329.72042,32715.989999999998,329.72042,326.25041999999996,329.72042,True,35,28325,822,38658,False,Debit,2008
1008,95.0,499.177495,594.1774949999999,Mixed,0.4343896583796661,True,True,4,20600.0,Premium credit,499.17749499999996,481.87749499999995,499.17749499999996,33361.89,594.1774949999999,576.877495,594.1774949999999,True,52,45462,657,68494,False,Core credit,2005
1834,95.0,368.01379999999995,463.01379999999995,Credit-primary,0.5096639671879901,True,True,3,7300.0,Core credit,368.0138,331.3438,368.0138,32037.05,463.0138,426.3438,463.0138,True,32,35565,681,54634,False,Debit,2007
881,95.0,0.0,95.0,Dormant,,True,True,3,22700.0,Premium credit,0.0,0.0,0.0,0.0,95.0,95.0,95.0,False,61,58433,696,48231,False,Premium credit,2009
679,95.0,121.931915,216.931915,Debit/prepaid only,0.0,True,True,4,9900.0,Core credit,121.931915,119.91191500000001,121.931915,16005.83,216.931915,214.91191500000002,216.931915,True,57,34272,765,39514,False,Debit,2005
398,0.0,137.90338,137.90338,Debit/prepaid only,0.0,False,True,4,0.0,Debit,137.90338,124.74338,137.90338,35928.76,137.90338,124.74338,137.90338,True,49,37401,737,76201,False,Debit,1999
106,0.0,423.660435,423.660435,Mixed,0.4310301359787029,True,True,5,9100.0,Core credit,423.660435,372.010435,423.660435,30779.82,423.660435,372.010435,423.660435,True,52,29957,624,60321,False,Debit,2004
1784,0.0,0.0,0.0,Dormant,,True,False,1,15900.0,Premium credit,0.0,0.0,0.0,0.0,0.0,0.0,0.0,False,51,44206,690,62813,False,Premium credit,1997
1924,0.0,0.0,0.0,Dormant,,True,False,1,5200.0,Core credit,0.0,0.0,0.0,0.0,0.0,0.0,0.0,False,47,38190,652,81968,False,Core credit,2018
671,0.0,574.12188,574.12188,Credit-primary,1.0,True,False,1,8700.0,Core credit,574.12188,479.08188,574.12188,36259.66,574.12188,479.08188,574.12188,True,37,34032,769,68762,False,Core credit,2009
1472,0.0,0.0,0.0,Dormant,,True,True,3,10400.0,Premium credit,0.0,0.0,0.0,0.0,0.0,0.0,0.0,False,43,36189,694,16988,False,Premium credit,2008
855,0.0,181.553035,181.553035,Debit/prepaid only,0.0,False,True,5,0.0,Debit,181.553035,176.863035,222.29928999999998,20843.58,181.553035,176.863035,222.29928999999998,True,51,22557,699,63019,False,Debit,2001
981,95.0,0.0,95.0,Dormant,,True,False,1,7500.0,Core credit,0.0,0.0,0.0,0.0,95.0,95.0,95.0,False,44,56163,671,104767,False,Core credit,2010
1030,95.0,489.01014,584.01014,Credit-primary,1.0,True,True,4,16500.0,Premium credit,489.01014,458.41014,489.01014,30005.23,584.01014,553.41014,584.01014,True,44,44963,705,90682,False,Premium credit,2001
384,0.0,0.0,0.0,Dormant,,False,True,1,0.0,Debit,0.0,0.0,0.0,0.0,0.0,0.0,0.0,False,20,39144,702,55347,False,Debit,2018
80,0.0,293.13383999999996,293.13383999999996,Credit-primary,0.5258896197887556,True,True,5,14500.0,Premium credit,293.13384,281.32384,293.13384,23724.18,293.13384,281.32384,293.13384,True,82,21815,498,1597,False,Debit,1997
1331,0.0,0.0,0.0,Debit/prepaid only,0.0,False,False,1,0.0,Prepaid,0.0,0.0,156.89491999999998,3896.84,0.0,0.0,156.89491999999998,True,49,49026,718,83385,False,Prepaid,2005
205,0.0,195.76595,195.76595,Debit/prepaid only,0.0,False,True,4,0.0,Debit,195.76595,191.41595,195.76595,39182.9,195.76595,191.41595,195.76595,True,38,39882,809,77817,False,Debit,2004
1048,95.0,691.1346599999999,786.1346599999999,Credit-primary,1.0,True,True,4,13400.0,Premium credit,691.13466,659.81466,691.13466,46057.37,786.13466,754.81466,786.13466,True,59,53878,779,78143,False,Core credit,2001
1490,0.0,521.8284199999999,521.8284199999999,Credit-primary,0.5546794051934072,True,True,3,11400.0,Premium credit,521.8284199999999,470.68842,521.8284199999999,45872.39,521.8284199999999,470.68842,521.8284199999999,True,30,41839,761,46226,False,Premium credit,2008
818,190.0,0.0,190.0,Dormant,,True,True,5,7100.0,Core credit,0.0,0.0,0.0,0.0,190.0,190.0,190.0,False,54,31240,770,26005,False,Debit,2001
1463,95.0,908.29057,1003.29057,Credit-primary,0.5614261685393774,True,True,4,7700.0,Core credit,908.29057,426.85057,908.29057,63060.99,1003.29057,521.8505700000001,1003.29057,True,80,9766,732,66,True,Debit,2007
952,0.0,259.306865,259.306865,Debit/prepaid only,0.0,False,True,2,0.0,Debit,259.306865,250.776865,259.306865,99436.73,259.306865,250.776865,259.306865,True,29,126775,685,28869,False,Debit,2011
616,0.0,469.4022,469.4022,Credit-primary,1.0,True,False,1,4500.0,Core credit,469.4022,414.6822,469.4022,31477.9,469.4022,414.6822,469.4022,True,45,34817,586,63313,False,Core credit,2016
638,95.0,102.426315,197.426315,Debit/prepaid only,0.0,True,True,4,4800.0,Core credit,102.426315,95.786315,102.426315,36205.63,197.426315,190.786315,197.426315,True,65,16889,679,38489,False,Debit,2004
1366,0.0,503.94894,503.94894,Credit-primary,0.5548761391072383,True,True,2,12400.0,Premium credit,503.94894,490.35894,503.94894,42690.23,503.94894,490.35894,503.94894,True,25,40000,767,127951,False,Premium credit,2013
443,0.0,0.0,0.0,Dormant,,False,True,1,0.0,Debit,0.0,0.0,0.0,0.0,0.0,0.0,0.0,False,31,41986,697,134162,False,Debit,2008
336,0.0,0.0,0.0,Dormant,,False,True,1,0.0,Debit,0.0,0.0,0.0,0.0,0.0,0.0,0.0,False,23,44128,760,0,False,Debit,2015
973,95.0,537.8182449999999,632.8182449999999,Mixed,0.3656326970993323,True,True,4,8300.0,Core credit,537.818245,507.468245,537.818245,39186.840000000004,632.818245,602.468245,632.818245,True,55,25051,734,19465,False,Core credit,2008
1918,0.0,166.537955,166.537955,Debit/prepaid only,0.0,False,True,1,0.0,Debit,166.53795499999998,153.827955,166.53795499999998,39637.91,166.53795499999998,153.827955,166.53795499999998,True,45,42379,550,64124,False,Debit,2009
1827,95.0,763.2593899999999,858.2593899999999,Credit-primary,0.5160094711254367,True,True,5,13500.0,Premium credit,763.25939,749.46939,763.25939,70416.13,858.25939,844.46939,858.25939,True,59,46341,686,78610,False,Premium credit,2004
672,0.0,347.5592,347.5592,Debit/prepaid only,0.0,False,True,3,0.0,Debit,347.5592,344.8692,347.5592,44354.4,347.5592,344.8692,347.5592,True,37,23967,722,3880,False,Debit,2003
1461,0.0,275.93404499999997,275.93404499999997,Mixed,0.0358580379393567,True,True,5,16600.0,Premium credit,275.93404499999997,268.674045,275.93404499999997,35616.84,275.93404499999997,268.674045,275.93404499999997,True,41,48038,704,83238,False,Debit,2003
256,95.0,420.554725,515.554725,Mixed,0.4570789300240733,True,True,6,14300.0,Premium credit,420.554725,420.194725,494.6382,46503.85,515.554725,515.1947250000001,589.6382,True,75,22850,714,17453,False,Premium credit,2004
1837,0.0,133.48909,133.48909,Debit/prepaid only,0.0,False,True,4,0.0,Debit,133.48909,121.67909,186.13653,41164.06,133.48909,121.67909,186.13653,True,66,24947,766,1767,False,Debit,2010
1974,0.0,0.0,0.0,Dormant,,True,True,3,9000.0,Core credit,0.0,0.0,0.0,0.0,0.0,0.0,0.0,False,74,31792,647,28723,False,Debit,2010
1270,0.0,0.0,0.0,Dormant,,False,True,1,0.0,Debit,0.0,0.0,0.0,0.0,0.0,0.0,0.0,False,31,73117,685,73557,False,Debit,2009
1815,95.0,457.76562,552.7656199999999,Credit-primary,0.5336330048645795,True,True,4,17800.0,Premium credit,457.76561999999996,435.39562,533.240645,48037.04,552.7656199999999,530.39562,628.240645,True,59,61991,758,2151,False,Debit,2002
464,95.0,3215.38464,3310.38464,Credit-primary,1.0,True,False,1,18000.0,Premium credit,3215.38464,1971.94464,3215.38464,182321.48,3310.38464,2066.9446399999997,3310.38464,True,36,67444,850,93513,True,Premium credit,2002
1579,0.0,397.41495,397.41495,Mixed,0.4864807167241048,True,True,5,12800.0,Premium credit,397.41495,373.14495,397.41495,30728.7,397.41495,373.14495,397.41495,True,81,28594,728,1821,False,Debit,1999
830,0.0,0.0,0.0,Dormant,,False,True,1,0.0,Debit,0.0,0.0,0.0,0.0,0.0,0.0,0.0,False,29,67166,688,123932,False,Debit,2009
465,0.0,374.42752,374.42752,Credit-primary,0.6017850427325008,True,True,2,5800.0,Core credit,374.42751999999996,366.75752,374.42751999999996,30260.34,374.42751999999996,366.75752,374.42751999999996,True,47,41965,724,55700,False,Debit,2002
1954,0.0,1944.061535,1944.061535,Credit-primary,0.7427442180298185,True,True,2,5900.0,Core credit,1944.061535,1329.461535,1944.061535,140363.92,1944.061535,1329.461535,1944.061535,True,47,48406,683,80441,True,Debit,2013
959,0.0,0.0,0.0,Dormant,,False,False,2,0.0,Prepaid,0.0,0.0,0.0,0.0,0.0,0.0,0.0,False,35,102369,738,189558,False,Prepaid,2009
1049,0.0,0.0,0.0,Dormant,,True,True,6,10500.0,Premium credit,0.0,0.0,0.0,0.0,0.0,0.0,0.0,False,66,36481,850,81550,False,Premium credit,2001
1088,95.0,556.5374999999999,651.5374999999999,Credit-primary,1.0,True,True,3,10700.0,Premium credit,556.5375,556.5375,556.5375,35541.75,651.5375,651.5375,651.5375,True,49,34982,765,134631,False,Core credit,2005
14,95.0,269.66380999999996,364.66381,Credit-primary,0.5186656260832687,True,True,5,14100.0,Premium credit,269.66381,269.66381,281.86905,25818.85,364.66381,364.66381,376.86905,True,79,32232,652,21134,False,Core credit,2001
162,0.0,688.127195,688.127195,Credit-primary,0.5970425717078754,True,True,5,16700.0,Premium credit,688.127195,612.807195,688.127195,60395.04,688.127195,612.807195,688.127195,True,37,66111,771,98102,False,Debit,2008
1692,0.0,463.4390499999999,463.4390499999999,Debit/prepaid only,0.0,False,True,3,0.0,Debit,463.43905,451.47905,463.43905,162529.1,463.43905,451.47905,463.43905,True,81,162709,542,5642,False,Debit,1991
380,0.0,420.18677999999994,420.18677999999994,Credit-primary,1.0,True,False,2,10800.0,Premium credit,420.18678,384.18678,420.18678,27144.71,420.18678,384.18678,420.18678,True,46,37857,800,57727,False,Premium credit,2005
141,0.0,501.41052,501.41052,Mixed,0.4886546586099302,True,True,5,9200.0,Core credit,501.41052,501.41052,501.41052,48454.69,501.41052,501.41052,501.41052,True,70,23082,638,23406,False,Debit,2007
1348,95.0,175.46293,270.46293000000003,Credit-primary,0.99577202625587,True,True,6,0.0,Core credit,175.46293,175.46293,175.46293,9143.86,270.46293000000003,270.46293000000003,270.46293000000003,True,83,2,667,0,False,Core credit,2003
1256,0.0,694.8240349999999,694.8240349999999,Mixed,0.4756347845166948,True,False,3,18500.0,Premium credit,694.824035,686.3640350000001,843.34928,70276.21,694.824035,686.3640350000001,843.34928,True,37,56248,728,149587,False,Premium credit,2009
169,0.0,128.54844,128.54844,Debit/prepaid only,0.0,False,True,4,0.0,Debit,128.54844,124.53844,180.75705,12950.1,128.54844,124.53844,180.75705,True,85,30451,686,93,False,Debit,2003
1955,0.0,163.08092499999998,163.08092499999998,Debit/prepaid only,0.0,False,True,2,0.0,Debit,163.08092499999998,154.060925,287.229,50379.0,163.08092499999998,154.060925,287.229,True,85,28134,674,2081,False,Debit,2006
1807,190.0,1099.05283,1289.05283,Mixed,0.4765125008282262,True,True,5,13200.0,Premium credit,1099.05283,1046.89283,1099.05283,100214.16,1289.05283,1236.89283,1289.05283,True,47,52065,828,98613,True,Premium credit,2002
102,0.0,0.0,0.0,Dormant,,False,True,1,0.0,Debit,0.0,0.0,0.0,0.0,0.0,0.0,0.0,False,32,33212,649,59638,False,Debit,2006
257,0.0,500.2422299999999,500.2422299999999,Credit-primary,0.5028194820577951,True,True,4,8000.0,Core credit,500.24223,269.81223,534.546,49092.35,500.24223,269.81223,534.546,True,52,31070,708,86747,False,Debit,2006
987,0.0,554.5736049999999,554.5736049999999,Debit/prepaid only,0.0,False,True,4,0.0,Debit,554.573605,546.773605,700.65181,117709.62,554.573605,546.773605,700.65181,True,52,61532,683,26832,False,Debit,2004
1141,95.0,244.12055,339.12055,Debit/prepaid only,0.0,True,True,5,9400.0,Core credit,244.12054999999998,233.82055,244.12054999999998,36493.1,339.12055,328.82055,339.12055,True,66,27266,777,19798,False,Core credit,2004
1682,0.0,428.043345,428.043345,Credit-primary,0.5613566123043958,True,True,5,14300.0,Premium credit,428.043345,428.043345,428.043345,35617.84,428.043345,428.043345,428.043345,True,57,48750,716,117616,False,Premium credit,2006
172,0.0,119.620475,119.620475,Debit/prepaid only,0.0,False,True,3,0.0,Debit,119.620475,109.820475,119.620475,25377.95,119.620475,109.820475,119.620475,True,47,45164,730,0,False,Debit,2009
892,0.0,0.0,0.0,Dormant,,False,True,1,0.0,Debit,0.0,0.0,0.0,0.0,0.0,0.0,0.0,False,38,51391,656,94145,False,Debit,2002
315,0.0,56.11467499999999,56.11467499999999,Debit/prepaid only,0.0,False,True,2,0.0,Debit,56.114675,48.624674999999996,103.137855,24505.71,56.114675,48.624674999999996,103.137855,True,54,42379,692,136748,False,Prepaid,2011
1739,0.0,0.0,0.0,Dormant,,False,False,1,0.0,Prepaid,0.0,0.0,0.0,0.0,0.0,0.0,0.0,False,49,33995,531,46102,False,Prepaid,2002
39,0.0,1590.4035,1590.4035,Credit-primary,1.0,True,True,2,16900.0,Premium credit,1590.4035,1556.9234999999999,1590.4035,90775.75,1590.4035,1556.9234999999999,1590.4035,True,54,61740,583,126015,True,Debit,2000
155,0.0,253.81653999999995,253.81653999999995,Mixed,0.4233018537819434,True,True,5,7800.0,Core credit,253.81654,247.59654,276.06875,26721.05,253.81654,247.59654,276.06875,True,86,9678,688,812,False,Prepaid,2003
1305,0.0,190.88972499999997,190.88972499999997,Debit/prepaid only,0.0,True,True,3,9100.0,Core credit,190.889725,187.889725,190.889725,37662.45,190.889725,187.889725,190.889725,True,46,38971,784,0,False,Debit,2001
1504,0.0,348.47103,348.47103,Mixed,0.4506985185934454,True,True,5,6000.0,Core credit,348.47103,304.70103,348.47103,34799.36,348.47103,304.70103,348.47103,True,85,12826,734,1550,False,Debit,2001
1105,0.0,301.867705,301.867705,Debit/prepaid only,0.0,False,True,3,0.0,Debit,301.867705,215.467705,301.867705,78779.41,301.867705,215.467705,301.867705,True,77,22104,670,20031,False,Debit,2002
948,95.0,358.61954000000003,453.61954,Mixed,0.4899080540106181,True,True,5,8300.0,Core credit,358.61954,350.42954,358.61954,30389.579999999998,453.61954,445.42954,453.61954,True,53,37119,718,55010,False,Core credit,2008
862,0.0,880.52346,880.52346,Credit-primary,1.0,True,False,1,3800.0,Core credit,880.52346,785.84346,880.52346,55233.97,880.52346,785.84346,880.52346,True,25,42883,807,65917,False,Core credit,2015
1514,0.0,355.66804499999995,355.66804499999995,Credit-primary,0.5382629647618438,True,True,5,10900.0,Premium credit,355.668045,304.058045,355.668045,34712.94,355.668045,304.058045,355.668045,True,53,36925,721,89762,False,Debit,2005
1698,0.0,0.0,0.0,Dormant,,False,True,1,0.0,Debit,0.0,0.0,0.0,0.0,0.0,0.0,0.0,False,32,67976,747,105337,False,Debit,2010
1316,0.0,0.0,0.0,Dormant,,True,False,1,4700.0,Core credit,0.0,0.0,0.0,0.0,0.0,0.0,0.0,False,27,33266,693,0,False,Core credit,2014
889,0.0,0.0,0.0,Dormant,,True,False,1,14700.0,Premium credit,0.0,0.0,0.0,0.0,0.0,0.0,0.0,False,27,52550,710,140825,False,Premium credit,2011
526,0.0,190.619175,190.619175,Debit/prepaid only,0.0,False,True,5,0.0,Debit,190.61917499999998,190.61917499999998,336.42918,67552.36,190.61917499999998,190.61917499999998,336.42918,True,51,64481,627,114394,False,Prepaid,2002
231,0.0,473.808945,473.808945,Credit-primary,0.5539489210689401,True,True,4,8900.0,Core credit,473.808945,431.26894500000003,511.599485,42228.37,473.808945,431.26894500000003,511.599485,True,55,36270,769,73779,False,Core credit,2004
910,0.0,0.0,0.0,Dormant,,False,True,1,0.0,Debit,0.0,0.0,0.0,0.0,0.0,0.0,0.0,False,31,76820,819,159137,False,Debit,2011
876,0.0,184.52373,184.52373,Debit/prepaid only,0.0,False,True,2,0.0,Debit,184.52373,172.61373,184.52373,44259.46,184.52373,172.61373,184.52373,True,65,49817,600,26928,False,Debit,2001
1509,0.0,544.420345,544.420345,Credit-primary,0.5040112710608028,True,True,4,12100.0,Premium credit,544.420345,544.420345,550.026425,41415.8,544.420345,544.420345,550.026425,True,67,47087,820,92489,False,Premium credit,2002
1422,0.0,443.33895,443.33895,Credit-primary,0.5241366460119806,True,True,4,9300.0,Core credit,443.33895,396.63895,443.33895,37836.45,443.33895,396.63895,443.33895,True,66,36052,767,6602,False,Debit,1999
492,0.0,0.0,0.0,Dormant,,False,True,1,0.0,Debit,0.0,0.0,0.0,0.0,0.0,0.0,0.0,False,41,38450,850,51430,False,Debit,2006
1516,0.0,337.78898499999997,337.78898499999997,Debit/prepaid only,0.0,False,True,2,0.0,Debit,337.78898499999997,330.558985,337.78898499999997,60021.97,337.78898499999997,330.558985,337.78898499999997,True,38,68827,755,35669,False,Debit,2002
1649,0.0,47.600675,47.600675,Debit/prepaid only,0.0,True,True,3,100.0,Core credit,47.600674999999995,47.600674999999995,47.600674999999995,7001.35,47.600674999999995,47.600674999999995,47.600674999999995,True,64,399,729,323,False,Prepaid,2003
583,95.0,284.774415,379.774415,Mixed,0.4629036392330495,True,True,2,13900.0,Premium credit,284.77441500000003,188.054415,284.77441500000003,26099.73,379.77441500000003,283.054415,379.77441500000003,True,64,28954,636,41461,False,Debit,2006
1811,0.0,1278.9225399999998,1278.9225399999998,Credit-primary,0.5855603346589807,True,True,8,44200.0,Premium credit,1278.92254,1126.95254,1334.2258649999999,107879.37,1278.92254,1126.95254,1334.2258649999999,True,83,82009,764,6229,True,Debit,2002
1054,0.0,160.660165,160.660165,Debit/prepaid only,0.0,False,True,2,0.0,Debit,160.660165,159.980165,160.660165,28792.33,160.660165,159.980165,160.660165,True,50,46077,639,135862,False,Debit,2008
1678,95.0,608.1363399999999,703.1363399999999,Credit-primary,0.5957318803839706,True,True,3,12600.0,Premium credit,608.13634,560.12634,608.13634,49466.28,703.13634,655.12634,703.13634,True,36,58225,685,101148,False,Debit,2008
1412,0.0,980.0634149999998,980.0634149999998,Credit-primary,0.5470409244952793,True,True,5,12800.0,Premium credit,980.063415,922.0734150000001,980.063415,85344.73,980.063415,922.0734150000001,980.063415,True,58,54166,707,0,True,Debit,2009
177,0.0,872.7670449999999,872.7670449999999,Credit-primary,0.5950236416028952,True,True,4,11900.0,Premium credit,872.767045,408.97704500000003,872.767045,75246.59,872.767045,408.97704500000003,872.767045,True,54,58248,728,107130,False,Debit,1998
1577,0.0,352.6251799999999,352.6251799999999,Credit-primary,0.5630815092907661,True,True,4,10100.0,Premium credit,352.62518,345.24518,352.62518,33625.86,352.62518,345.24518,352.62518,True,53,40745,718,18371,False,Debit,1994
1609,190.0,532.3441349999999,722.3441349999999,Credit-primary,0.5475792419900658,True,True,4,19400.0,Premium credit,532.344135,502.404135,532.344135,48754.770000000004,722.344135,692.404135,722.344135,True,71,87659,779,0,False,Debit,1998
1762,0.0,644.8365,644.8365,Credit-primary,1.0,True,False,1,18400.0,Premium credit,644.8365,628.6365000000001,644.8365,44586.25,644.8365,628.6365000000001,644.8365,True,29,63583,635,200435,False,Premium credit,2015
917,0.0,122.471035,122.471035,Debit/prepaid only,0.0,False,True,3,0.0,Debit,122.471035,111.181035,122.471035,26617.07,122.471035,111.181035,122.471035,True,58,40900,678,64420,False,Debit,2005
1717,0.0,492.783765,492.783765,Debit/prepaid only,0.0,False,True,4,0.0,Debit,492.78376499999996,410.943765,492.78376499999996,109185.53,492.78376499999996,410.943765,492.78376499999996,True,67,43070,726,14135,False,Debit,2010
1355,0.0,0.0,0.0,Dormant,,False,True,2,0.0,Debit,0.0,0.0,0.0,0.0,0.0,0.0,0.0,False,54,23863,536,83430,False,Debit,2009
1668,0.0,235.22911999999997,235.22911999999997,Debit/prepaid only,0.0,True,True,6,14000.0,Premium credit,235.22912,223.25912,242.5715,72516.0,235.22912,223.25912,242.5715,True,92,56099,751,933,False,Debit,2006
1293,0.0,584.1084099999999,584.1084099999999,Debit/prepaid only,0.0,False,True,1,0.0,Debit,584.10841,579.16841,584.10841,140670.82,584.10841,579.16841,584.10841,True,32,49374,706,108192,False,Debit,2012
361,0.0,300.45023,300.45023,Credit-primary,0.5307950376633318,True,True,4,11500.0,Premium credit,300.45023,255.15023,318.75702,29968.14,300.45023,255.15023,318.75702,True,43,39052,804,65861,False,Debit,2005
1659,0.0,1217.371095,1217.371095,Mixed,0.4728793975273507,True,True,6,19100.0,Premium credit,1217.371095,1190.101095,1217.371095,104036.59,1217.371095,1190.101095,1217.371095,True,94,40787,782,1574,True,Debit,1996
737,0.0,386.52257,386.52257,Mixed,0.0141811255205677,False,True,1,0.0,Debit,386.52257,372.66256999999996,386.52257,79514.14,386.52257,372.66256999999996,386.52257,True,61,30359,758,16552,False,Debit,2007
1733,0.0,199.700755,199.700755,Debit/prepaid only,0.0,False,True,1,0.0,Debit,199.700755,118.57075499999999,199.700755,43499.51,199.700755,118.57075499999999,199.700755,True,47,26130,498,54290,False,Debit,2004
278,0.0,1520.03146,1520.03146,Credit-primary,0.6694322010626351,True,True,5,58100.0,Premium credit,1520.03146,1435.99146,1520.03146,119661.02,1520.03146,1435.99146,1520.03146,True,59,193768,686,150896,True,Premium credit,2006
618,0.0,124.916935,124.916935,Debit/prepaid only,0.0,False,True,3,0.0,Debit,124.916935,124.916935,124.916935,16337.869999999999,124.916935,124.916935,124.916935,True,32,27795,701,72318,False,Debit,2008
753,0.0,475.98137999999994,475.98137999999994,Credit-primary,1.0,True,False,3,8600.0,Core credit,475.98138,475.98138,475.98138,29932.41,475.98138,475.98138,475.98138,True,53,31688,605,66776,False,Prepaid,2007
489,0.0,281.402495,281.402495,Credit-primary,0.5074109456046125,True,True,4,14700.0,Premium credit,281.402495,258.392495,317.515285,29581.92,281.402495,258.392495,317.515285,True,36,36753,684,33657,False,Debit,2006
90,0.0,0.0,0.0,Debit/prepaid only,0.0,False,True,3,0.0,Debit,0.0,0.0,209.96821,49269.42,0.0,0.0,209.96821,True,63,12796,644,22192,False,Debit,2006
1264,0.0,0.0,0.0,Dormant,,False,True,1,0.0,Debit,0.0,0.0,0.0,0.0,0.0,0.0,0.0,False,32,30737,815,35858,False,Debit,2008
376,0.0,1116.306825,1116.306825,Credit-primary,0.5731767864399422,True,True,4,25300.0,Premium credit,1116.306825,1085.046825,1116.306825,84775.45,1116.306825,1085.046825,1116.306825,True,50,57975,773,34570,True,Premium credit,2006
579,0.0,0.0,0.0,Dormant,,False,True,1,0.0,Debit,0.0,0.0,0.0,0.0,0.0,0.0,0.0,False,30,39520,772,53896,False,Debit,2009
218,0.0,393.39671,393.39671,Mixed,0.4637762866259705,True,True,7,9300.0,Core credit,393.39671,367.75671,393.39671,36450.57,393.39671,367.75671,393.39671,True,59,34190,810,39242,False,Debit,1998
42,0.0,335.654545,335.654545,Mixed,0.4231671566239829,True,True,3,6300.0,Core credit,335.654545,331.714545,335.654545,31802.09,335.654545,331.714545,335.654545,True,78,8526,684,3723,False,Core credit,2002
1170,0.0,464.33661499999994,464.33661499999994,Mixed,0.4977806858632863,True,True,2,7900.0,Core credit,464.336615,464.336615,464.336615,43006.53,464.336615,464.336615,464.336615,True,40,40867,694,50449,False,Core credit,2005
1531,0.0,364.47588,364.47588,Credit-primary,1.0,True,False,1,7500.0,Core credit,364.47588,309.03588,364.47588,22293.66,364.47588,309.03588,364.47588,True,34,29594,792,47766,False,Core credit,2008
26,95.0,0.0,95.0,Dormant,,True,False,1,3900.0,Core credit,0.0,0.0,0.0,0.0,95.0,95.0,95.0,False,49,41071,685,124139,False,Core credit,1999
1937,0.0,732.0060249999998,732.0060249999998,Credit-primary,0.6231931718868242,True,True,5,16400.0,Premium credit,732.006025,723.446025,772.749845,61089.79,732.006025,723.446025,772.749845,True,65,17056,667,29112,False,Premium credit,1995
1177,0.0,426.72577,426.72577,Credit-primary,0.5389397382586902,True,True,4,26400.0,Premium credit,426.72577,360.59577,492.834655,38340.909999999996,426.72577,360.59577,492.834655,True,36,64672,695,56485,False,Premium credit,2005
1032,0.0,0.0,0.0,Dormant,,False,True,2,0.0,Debit,0.0,0.0,0.0,0.0,0.0,0.0,0.0,False,62,26975,673,17212,False,Debit,2005
397,0.0,225.116345,225.116345,Debit/prepaid only,0.0,False,True,3,0.0,Debit,225.116345,218.276345,225.116345,28085.690000000002,225.116345,218.276345,225.116345,True,30,20424,770,14743,False,Debit,2008
566,95.0,1112.70042,1207.70042,Credit-primary,1.0,True,False,5,12700.0,Premium credit,1112.70042,1086.42042,1112.70042,66754.69,1207.70042,1181.42042,1207.70042,True,60,46244,814,108449,True,Premium credit,2004
1581,95.0,548.569095,643.569095,Mixed,0.4463527329753902,True,True,5,12300.0,Premium credit,548.569095,538.2090949999999,548.569095,40153.49,643.569095,633.2090949999999,643.569095,True,38,44334,684,55173,False,Core credit,2002
1332,0.0,190.262175,190.262175,Debit/prepaid only,0.0,False,True,3,0.0,Debit,190.26217499999998,186.86217499999998,190.26217499999998,41234.35,190.26217499999998,186.86217499999998,190.26217499999998,True,63,71909,712,44190,False,Debit,1999
1648,0.0,1857.703095,1857.703095,Credit-primary,0.6070149096780635,True,True,5,36700.0,Premium credit,1857.703095,1692.1930949999999,1857.703095,154340.69,1857.703095,1692.1930949999999,1857.703095,True,66,185909,621,461854,True,Debit,2003
17,95.0,960.6560449999998,1055.6560449999995,Credit-primary,0.509658552448794,True,True,2,2800.0,Core credit,960.656045,960.656045,960.656045,86346.79,1055.656045,1055.656045,1055.656045,True,76,21867,759,21103,True,Core credit,2002
349,0.0,351.50982,351.50982,Mixed,0.4654727593419392,True,True,2,3600.0,Core credit,351.50982,344.46981999999997,351.50982,26539.19,351.50982,344.46981999999997,351.50982,True,40,43229,685,96831,False,Core credit,2006
1200,0.0,0.0,0.0,Dormant,,True,False,1,6000.0,Core credit,0.0,0.0,0.0,0.0,0.0,0.0,0.0,False,64,24420,685,14460,False,Core credit,2012
228,0.0,0.0,0.0,Dormant,,True,False,1,1700.0,Core credit,0.0,0.0,0.0,0.0,0.0,0.0,0.0,False,54,31655,623,46405,False,Core credit,2010
484,95.0,0.0,95.0,Dormant,,True,True,3,0.0,Core credit,0.0,0.0,0.0,0.0,95.0,95.0,95.0,False,84,66745,718,682,False,Core credit,2001
1480,0.0,0.0,0.0,Dormant,,True,False,1,7100.0,Core credit,0.0,0.0,0.0,0.0,0.0,0.0,0.0,False,49,49756,705,70744,False,Core credit,2017
1449,0.0,163.91454,163.91454,Debit/prepaid only,0.0,False,True,3,0.0,Debit,163.91454,151.14454,214.35504,37305.08,163.91454,151.14454,214.35504,True,66,28104,751,12054,False,Debit,2002
1417,0.0,578.35961,578.35961,Credit-primary,0.5786712146384324,True,True,5,14200.0,Premium credit,578.3596100000001,553.95961,607.30215,52125.8,578.3596100000001,553.95961,607.30215,True,54,52680,835,87082,False,Premium credit,2008
267,0.0,91.13299,91.13299,Debit/prepaid only,0.0,False,True,3,0.0,Debit,91.13298999999999,87.47299,91.13298999999999,19248.98,91.13298999999999,87.47299,91.13298999999999,True,61,27733,765,21785,False,Debit,2011
373,0.0,356.904045,356.904045,Debit/prepaid only,0.0,False,True,4,0.0,Debit,356.904045,350.74404499999997,356.904045,65802.09,356.904045,350.74404499999997,356.904045,True,61,21397,812,54771,False,Debit,2001
1772,0.0,733.2163449999999,733.2163449999999,Credit-primary,0.50162805442395,True,True,4,12800.0,Premium credit,733.216345,726.306345,816.446125,68609.5,733.216345,726.306345,816.446125,True,47,50163,761,97188,False,Prepaid,2004
1774,0.0,543.398155,543.398155,Credit-primary,0.5095248252713306,True,True,4,8400.0,Core credit,543.398155,279.868155,543.398155,45615.01,543.398155,279.868155,543.398155,True,52,42129,758,101742,False,Core credit,1997
964,95.0,345.17773,440.17773,Credit-primary,0.5244882771705495,True,True,4,13700.0,Premium credit,345.17773,331.81773,345.17773,29051.86,440.17773,426.81773,440.17773,True,48,45422,689,83940,False,Debit,1999
72,0.0,0.0,0.0,Dormant,,True,False,1,14300.0,Premium credit,0.0,0.0,0.0,0.0,0.0,0.0,0.0,False,37,41401,580,71180,False,Premium credit,2015
1527,0.0,804.3722999999999,804.3722999999999,Credit-primary,1.0,True,False,1,7100.0,Core credit,804.3723,804.3723,804.3723,50283.350000000006,804.3723,804.3723,804.3723,True,66,50523,578,98763,False,Core credit,2017
1433,0.0,482.91476,482.91476,Mixed,0.1314139711150872,False,True,2,0.0,Debit,482.91476,478.79476,482.91476,68162.92,482.91476,478.79476,482.91476,True,73,48060,581,17440,False,Debit,2005
1785,0.0,119.13355,119.13355,Debit/prepaid only,0.0,False,True,3,0.0,Debit,119.13355,114.41355,119.13355,22106.1,119.13355,114.41355,119.13355,True,40,25861,607,42050,False,Debit,2002
1476,95.0,0.0,95.0,Dormant,,True,True,2,10400.0,Premium credit,0.0,0.0,0.0,0.0,95.0,95.0,95.0,False,29,44688,716,88092,False,Premium credit,2011
455,0.0,167.40055999999998,167.40055999999998,Debit/prepaid only,0.0,False,True,3,0.0,Debit,167.40055999999998,152.10056,215.091535,63835.07,167.40055999999998,152.10056,215.091535,True,41,49776,684,17352,False,Debit,2011
532,0.0,0.0,0.0,Dormant,,False,True,2,0.0,Debit,0.0,0.0,0.0,0.0,0.0,0.0,0.0,False,27,48484,775,63561,False,Debit,2011
1092,0.0,0.0,0.0,Dormant,,False,True,1,0.0,Debit,0.0,0.0,0.0,0.0,0.0,0.0,0.0,False,54,47814,720,92020,False,Debit,2004
528,95.0,435.52836,530.52836,Credit-primary,0.8983336914247705,True,True,3,9500.0,Core credit,435.52836,409.96836,480.613645,32533.59,530.52836,504.96836,575.613645,True,38,40478,718,76392,False,Debit,2001
328,0.0,709.96508,709.96508,Credit-primary,0.5772144290129944,True,True,3,13200.0,Premium credit,709.9650800000001,632.7150800000001,709.9650800000001,60657.51,709.9650800000001,632.7150800000001,709.9650800000001,True,45,36323,700,65525,False,Prepaid,2006
1282,0.0,215.21041,215.21041,Debit/prepaid only,0.0,False,True,2,0.0,Debit,215.21041,208.32040999999998,215.21041,40087.82,215.21041,208.32040999999998,215.21041,True,34,41249,695,42268,False,Debit,2011
783,0.0,329.839855,329.839855,Credit-primary,0.5080973006874104,True,True,3,9600.0,Core credit,329.839855,305.429855,329.839855,28253.86,329.839855,305.429855,329.839855,True,62,29769,693,14542,False,Debit,2000
1693,0.0,746.622,746.622,Credit-primary,1.0,True,True,2,29900.0,Premium credit,746.6220000000001,672.462,746.6220000000001,46309.0,746.6220000000001,672.462,746.6220000000001,True,36,74016,702,85204,False,Debit,2008
1542,0.0,0.0,0.0,Debit/prepaid only,0.0,False,False,1,0.0,Prepaid,0.0,0.0,130.40682,21489.64,0.0,0.0,130.40682,True,46,55565,731,34039,False,Prepaid,2006
36,0.0,0.0,0.0,Dormant,,False,True,1,0.0,Debit,0.0,0.0,0.0,0.0,0.0,0.0,0.0,False,31,50242,722,84457,False,Debit,2011
360,0.0,334.677845,334.677845,Debit/prepaid only,0.0,False,True,4,0.0,Debit,334.677845,333.457845,334.677845,47698.69,334.677845,333.457845,334.677845,True,43,46278,791,51243,False,Debit,2009
603,0.0,0.0,0.0,Dormant,,True,False,1,3900.0,Core credit,0.0,0.0,0.0,0.0,0.0,0.0,0.0,False,42,44624,611,102882,False,Core credit,2012
1794,0.0,244.772035,244.772035,Debit/prepaid only,0.0,False,True,1,0.0,Debit,244.772035,231.292035,244.772035,68257.07,244.772035,231.292035,244.772035,True,49,75137,631,175263,False,Debit,2010
329,95.0,993.10734,1088.10734,Credit-primary,0.9096501136655536,True,False,3,12300.0,Premium credit,993.10734,972.22734,1070.626095,66414.14,1088.10734,1067.22734,1165.626095,True,70,36724,701,16437,True,Premium credit,2010
1181,0.0,576.0892399999999,576.0892399999999,Credit-primary,0.5412953866341768,True,True,4,12000.0,Premium credit,576.08924,570.33924,576.08924,50403.33,576.08924,570.33924,576.08924,True,61,51581,810,35134,False,Premium credit,2004
598,0.0,1330.02621,1330.02621,Mixed,0.4902668945009638,True,True,3,11400.0,Premium credit,1330.02621,1311.05621,1415.52995,123335.25,1330.02621,1311.05621,1415.52995,True,47,43144,628,54157,True,Prepaid,2002
990,0.0,0.0,0.0,Debit/prepaid only,0.0,False,False,1,0.0,Prepaid,0.0,0.0,143.08782,25973.64,0.0,0.0,143.08782,True,91,27150,737,2007,False,Prepaid,2005
1777,0.0,725.577195,725.577195,Credit-primary,0.5750784766909848,True,True,5,24400.0,Premium credit,725.577195,651.907195,814.22446,63805.57,725.577195,651.907195,814.22446,True,47,62432,741,95799,False,Debit,2004
1872,0.0,520.95623,520.95623,Credit-primary,0.5679099758759578,True,True,6,15900.0,Premium credit,520.95623,491.10623,520.95623,45166.56,520.95623,491.10623,520.95623,True,62,67470,804,93795,False,Debit,2004
1000,0.0,0.0,0.0,Dormant,,False,True,1,0.0,Debit,0.0,0.0,0.0,0.0,0.0,0.0,0.0,False,20,54424,687,92199,False,Debit,2018
799,0.0,539.52714,539.52714,Credit-primary,1.0,True,False,1,7000.0,Core credit,539.52714,508.56714,539.52714,34341.729999999996,539.52714,508.56714,539.52714,True,34,31525,686,57818,False,Core credit,2011
144,95.0,394.82327,489.82327,Debit/prepaid only,0.0,True,True,3,11600.0,Premium credit,394.82327,384.68327,394.82327,65058.54,489.82327,479.68327,489.82327,True,44,32330,835,97190,False,Premium credit,1998
781,0.0,0.0,0.0,Dormant,,True,True,2,4300.0,Core credit,0.0,0.0,0.0,0.0,0.0,0.0,0.0,False,30,33993,602,45149,False,Debit,2010
1572,0.0,0.0,0.0,Dormant,,True,True,3,3500.0,Core credit,0.0,0.0,0.0,0.0,0.0,0.0,0.0,False,40,18935,658,43928,False,Debit,2003
793,0.0,565.6617,565.6617,Credit-primary,1.0,True,False,2,16700.0,Premium credit,565.6617,562.4217,565.6617,41041.65,565.6617,562.4217,565.6617,True,73,42593,703,16083,False,Premium credit,2007
1179,0.0,465.96496999999994,465.96496999999994,Credit-primary,0.6071733966864657,True,True,5,12900.0,Premium credit,465.96497,402.55497,465.96497,39983.29,465.96497,402.55497,465.96497,True,50,49570,752,43645,False,Debit,2007
114,0.0,736.9158649999999,736.9158649999999,Debit/prepaid only,0.0,False,True,3,0.0,Debit,736.9158649999999,723.085865,736.9158649999999,148078.73,736.9158649999999,723.085865,736.9158649999999,True,47,34441,725,907,False,Debit,2008
1107,0.0,477.214825,477.214825,Mixed,0.418486289069775,True,True,4,10300.0,Premium credit,477.214825,467.984825,525.409005,53479.96,477.214825,467.984825,525.409005,True,71,40516,698,6908,False,Premium credit,1998
517,0.0,245.779915,245.779915,Credit-primary,0.5023322995410604,True,True,3,5000.0,Core credit,245.779915,196.219915,245.779915,19945.98,245.779915,196.219915,245.779915,True,33,24009,811,19085,False,Core credit,2006
624,0.0,0.0,0.0,Dormant,,False,True,2,0.0,Debit,0.0,0.0,0.0,0.0,0.0,0.0,0.0,False,33,37579,710,59201,False,Debit,2010
1215,0.0,0.0,0.0,Dormant,,False,True,1,0.0,Debit,0.0,0.0,0.0,0.0,0.0,0.0,0.0,False,53,42152,751,55576,False,Debit,2008
1992,0.0,266.27021,266.27021,Debit/prepaid only,0.0,False,True,5,0.0,Debit,266.27021,260.74021,347.16542499999997,47215.85,266.27021,260.74021,347.16542499999997,True,63,23725,710,47647,False,Debit,2006
19,0.0,0.0,0.0,Debit/prepaid only,0.0,False,False,1,0.0,Prepaid,0.0,0.0,68.386685,5550.37,0.0,0.0,68.386685,True,82,34903,630,1336,False,Prepaid,2009
1605,0.0,489.6755299999999,489.6755299999999,Mixed,0.4523624741827659,True,True,3,8700.0,Core credit,489.67553,464.25553,489.67553,46257.86,489.67553,464.25553,489.67553,True,39,39336,690,43747,False,Core credit,2001
463,0.0,0.0,0.0,Dormant,,False,True,1,0.0,Debit,0.0,0.0,0.0,0.0,0.0,0.0,0.0,False,32,40256,719,0,False,Debit,2012
809,0.0,0.0,0.0,Dormant,,False,True,1,0.0,Debit,0.0,0.0,0.0,0.0,0.0,0.0,0.0,False,54,85596,618,159101,False,Debit,2006
590,95.0,0.0,95.0,Dormant,,True,True,2,7400.0,Core credit,0.0,0.0,0.0,0.0,95.0,95.0,95.0,False,37,35060,724,39104,False,Debit,2010
1904,0.0,428.20541999999995,428.20541999999995,Mixed,0.4105145806987763,True,True,5,13600.0,Premium credit,428.20542,393.77542,523.686255,64305.56,428.20542,393.77542,523.686255,True,69,30983,757,10019,False,Prepaid,2000
545,0.0,139.210085,139.210085,Debit/prepaid only,0.0,False,True,2,0.0,Debit,139.210085,125.490085,139.210085,33680.17,139.210085,125.490085,139.210085,True,55,45707,715,113194,False,Debit,2003
789,0.0,126.214455,126.214455,Debit/prepaid only,0.0,False,True,3,0.0,Debit,126.214455,123.994455,172.810495,35697.99,126.214455,123.994455,172.810495,True,43,49788,690,83932,False,Prepaid,2002
742,0.0,126.86026,126.86026,Debit/prepaid only,0.0,True,True,4,12700.0,Premium credit,126.86026,121.43025999999999,203.93433,58175.659999999996,126.86026,121.43025999999999,203.93433,True,69,50753,698,20226,False,Prepaid,2009
612,0.0,0.0,0.0,Dormant,,True,True,5,9300.0,Core credit,0.0,0.0,0.0,0.0,0.0,0.0,0.0,False,88,16296,838,667,False,Core credit,2008
523,0.0,898.6934599999998,898.6934599999998,Credit-primary,0.5094441578282058,True,True,2,13000.0,Premium credit,898.69346,804.26346,898.69346,85460.77,898.69346,804.26346,898.69346,True,27,38487,773,28032,False,Premium credit,2013
928,95.0,338.34195,433.34195,Credit-primary,0.5027935793105265,True,True,6,8700.0,Core credit,338.34195,338.34195,338.34195,30376.8,433.34195,433.34195,433.34195,True,59,32347,784,82667,False,Debit,2002
1642,0.0,658.7476199999999,658.7476199999999,Credit-primary,1.0,True,True,5,12200.0,Premium credit,658.74762,658.74762,658.74762,39825.09,658.74762,658.74762,658.74762,True,37,40470,731,41938,False,Debit,2008
495,0.0,0.0,0.0,Dormant,,True,True,3,11500.0,Premium credit,0.0,0.0,0.0,0.0,0.0,0.0,0.0,False,49,38028,831,79101,False,Debit,2006
166,95.0,0.0,95.0,Dormant,,True,True,2,16100.0,Premium credit,0.0,0.0,0.0,0.0,95.0,95.0,95.0,False,83,25567,665,1001,False,Debit,2009
1277,0.0,0.0,0.0,Dormant,,True,False,1,19800.0,Premium credit,0.0,0.0,0.0,0.0,0.0,0.0,0.0,False,33,51848,692,86951,False,Premium credit,2012
718,0.0,0.0,0.0,Dormant,,True,False,3,7200.0,Core credit,0.0,0.0,0.0,0.0,0.0,0.0,0.0,False,48,29081,655,56301,False,Core credit,2003
1962,0.0,268.06987499999997,268.06987499999997,Debit/prepaid only,0.0,True,True,4,21000.0,Premium credit,268.069875,257.909875,268.069875,64152.75,268.069875,257.909875,268.069875,True,34,92375,712,156949,False,Debit,2006
133,0.0,200.343175,200.343175,Debit/prepaid only,0.0,False,True,2,0.0,Debit,200.343175,197.033175,200.343175,51240.35,200.343175,197.033175,200.343175,True,31,62692,698,50290,False,Debit,2008
682,0.0,0.0,0.0,Dormant,,True,False,1,9300.0,Core credit,0.0,0.0,0.0,0.0,0.0,0.0,0.0,False,58,35229,724,60945,False,Core credit,2015
795,0.0,1109.413995,1109.413995,Credit-primary,0.5390126798860776,True,True,2,16100.0,Premium credit,1109.413995,1094.1639949999999,1109.413995,98024.54,1109.413995,1094.1639949999999,1109.413995,True,40,75918,759,94579,True,Debit,2009
1849,0.0,539.01324,539.01324,Mixed,0.4673963469405611,True,True,2,10600.0,Premium credit,539.01324,501.99324,539.01324,47659.23,539.01324,501.99324,539.01324,True,39,41483,721,64098,False,Premium credit,2003
1732,0.0,0.0,0.0,Dormant,,False,True,1,0.0,Debit,0.0,0.0,0.0,0.0,0.0,0.0,0.0,False,50,53810,637,78986,False,Debit,2000
237,0.0,599.111465,599.111465,Credit-primary,0.6209474764155174,True,True,2,4300.0,Core credit,599.111465,519.141465,599.111465,47936.18,599.111465,519.141465,599.111465,True,42,58584,563,99235,False,Debit,2013
769,0.0,0.0,0.0,Dormant,,True,False,1,9500.0,Core credit,0.0,0.0,0.0,0.0,0.0,0.0,0.0,False,53,39974,644,77967,False,Core credit,2008
2,0.0,371.10428,371.10428,Mixed,0.4247300848825449,True,True,5,7800.0,Core credit,371.10428,360.66428,371.10428,33053.91,371.10428,360.66428,371.10428,True,48,27447,673,80850,False,Core credit,2005
313,0.0,414.44356,414.44356,Credit-primary,0.5603344585130695,True,True,2,8900.0,Core credit,414.44356,407.92356,414.44356,33662.77,414.44356,407.92356,414.44356,True,32,33548,693,31183,False,Core credit,2010
989,95.0,2432.9381949999997,2527.9381949999997,Credit-primary,0.7503141608130376,True,True,7,28000.0,Premium credit,2432.938195,2393.048195,2439.545415,173732.68,2527.938195,2488.048195,2534.545415,True,78,113514,727,16524,True,Premium credit,2003
1562,0.0,281.94009,281.94009,Mixed,0.4429878134130547,True,True,3,8100.0,Core credit,281.94009,265.92009,281.94009,27147.88,281.94009,265.92009,281.94009,True,38,25524,759,69401,False,Debit,2008
1983,0.0,726.632575,726.632575,Credit-primary,0.5681517392633301,True,True,3,51900.0,Premium credit,726.632575,704.5425749999999,726.632575,63469.4,726.632575,704.5425749999999,726.632575,True,50,141161,773,0,False,Premium credit,2006
1091,95.0,467.6392,562.6392,Credit-primary,0.5900079529396299,True,True,4,17800.0,Premium credit,467.6392,432.9992,467.6392,38036.25,562.6392000000001,527.9992,562.6392000000001,True,32,53890,656,252106,False,Debit,2006
759,0.0,160.848885,160.848885,Debit/prepaid only,0.0,True,True,4,15500.0,Premium credit,160.848885,160.848885,160.848885,43333.77,160.848885,160.848885,160.848885,True,60,74550,687,37427,False,Premium credit,1999
779,0.0,402.75079,402.75079,Debit/prepaid only,0.0,True,True,5,14200.0,Premium credit,402.75079,387.35078999999996,402.75079,82065.58,402.75079,387.35078999999996,402.75079,True,81,32669,755,1433,False,Premium credit,2004
105,95.0,0.0,95.0,Dormant,,True,False,5,10700.0,Premium credit,0.0,0.0,0.0,0.0,95.0,95.0,95.0,False,54,37579,742,0,False,Core credit,2005
1618,0.0,222.301725,222.301725,Debit/prepaid only,0.0,False,True,4,0.0,Debit,222.301725,222.301725,284.32938,51599.76,222.301725,222.301725,284.32938,True,53,70634,682,155651,False,Prepaid,2000
1168,0.0,573.07836,573.07836,Debit/prepaid only,0.0,False,True,1,0.0,Debit,573.07836,567.16836,573.07836,206476.72,573.07836,567.16836,573.07836,True,51,109673,505,242379,False,Debit,2002
1237,95.0,866.77992,961.77992,Mixed,0.4210857952687234,True,True,6,8400.0,Core credit,866.77992,800.46992,866.77992,73384.0,961.77992,895.46992,961.77992,True,46,32150,717,47179,False,Core credit,2001
699,95.0,371.35388,466.35388,Mixed,0.4649070517588208,True,True,3,9500.0,Core credit,371.35388,365.70876,371.35388,27495.41,466.35388,460.70876,466.35388,True,42,45475,698,68358,False,Core credit,2005
646,0.0,422.0562749999999,422.0562749999999,Mixed,0.4872366944549066,True,True,3,14500.0,Premium credit,422.056275,397.206275,422.056275,38631.45,422.056275,397.206275,422.056275,True,38,43634,786,73037,False,Premium credit,2005
1403,0.0,423.46374,423.46374,Debit/prepaid only,0.0,False,True,2,0.0,Debit,423.46374,340.94374,423.46374,113581.48,423.46374,340.94374,423.46374,True,74,24545,753,22488,False,Debit,2002
631,95.0,408.0341,503.0341,Credit-primary,0.5015390925182402,True,True,6,8600.0,Core credit,408.03409999999997,404.1941,408.03409999999997,37060.8,503.03409999999997,499.1941,503.03409999999997,True,83,33811,682,2206,False,Debit,2001
1070,190.0,456.4007499999999,646.4007499999999,Credit-primary,0.5100103993956577,True,True,5,13100.0,Premium credit,456.40075,429.23075,456.40075,40771.6,646.40075,619.23075,646.40075,True,61,51528,745,58509,False,Debit,2004
291,190.0,1064.9615399999998,1254.9615399999998,Credit-primary,1.0,True,False,3,9900.0,Core credit,1064.96154,1023.5615399999999,1064.96154,61856.53,1254.96154,1213.56154,1254.96154,True,64,40407,793,62695,True,Core credit,2001
738,0.0,1024.08694,1024.08694,Credit-primary,0.6557826649177609,True,True,3,19600.0,Premium credit,1024.08694,1023.31694,1024.08694,86156.73,1024.08694,1023.31694,1024.08694,True,57,63974,707,131731,True,Premium credit,2001
142,0.0,299.75563,299.75563,Debit/prepaid only,0.0,False,True,2,0.0,Debit,299.75563,297.55563,299.75563,80524.26,299.75563,297.55563,299.75563,True,59,51788,675,77642,False,Debit,2004
459,95.0,316.89132,411.89132,Mixed,0.4369921613577283,True,True,5,7000.0,Core credit,316.89132,312.14132,316.89132,33963.79,411.89132,407.14132,411.89132,True,65,25257,734,83995,False,Core credit,2005
281,0.0,0.0,0.0,Dormant,,True,False,1,5700.0,Core credit,0.0,0.0,0.0,0.0,0.0,0.0,0.0,False,24,38549,684,35691,False,Core credit,2015
55,0.0,297.00885,297.00885,Debit/prepaid only,0.0,True,True,5,10300.0,Premium credit,297.00885,297.00885,297.00885,35914.7,297.00885,297.00885,297.00885,True,61,44583,717,85531,False,Debit,2000
1370,95.0,774.968305,869.968305,Credit-primary,0.5649846986128728,True,True,4,25100.0,Premium credit,774.968305,760.918305,774.968305,66833.81,869.968305,855.918305,869.968305,True,62,52908,709,109229,False,Debit,2001
897,0.0,157.23064499999998,157.23064499999998,Debit/prepaid only,0.0,False,True,1,0.0,Debit,157.23064499999998,157.23064499999998,157.23064499999998,19361.29,157.23064499999998,157.23064499999998,157.23064499999998,True,30,26996,501,33332,False,Debit,2016
1781,0.0,129.386345,129.386345,Debit/prepaid only,0.0,False,True,2,0.0,Debit,129.386345,129.386345,129.386345,21812.69,129.386345,129.386345,129.386345,True,29,36050,708,45559,False,Debit,2009
457,95.0,755.3041549999999,850.3041549999999,Credit-primary,0.5538711462240016,True,True,4,12900.0,Premium credit,755.3041549999999,755.3041549999999,755.3041549999999,72077.36,850.3041549999999,850.3041549999999,850.3041549999999,True,34,36324,705,56689,False,Core credit,2005
160,0.0,125.990035,125.990035,Debit/prepaid only,0.0,False,True,2,0.0,Debit,125.99003499999999,123.060035,233.968875,38168.75,125.99003499999999,123.060035,233.968875,True,44,37965,796,69614,False,Debit,2014
1655,0.0,0.0,0.0,Dormant,,True,True,2,8400.0,Core credit,0.0,0.0,0.0,0.0,0.0,0.0,0.0,False,57,34856,830,127313,False,Core credit,2010
984,0.0,960.15927,960.15927,Credit-primary,0.5849517958652841,True,True,5,10600.0,Premium credit,960.15927,392.46927,960.15927,78129.19,960.15927,392.46927,960.15927,True,63,32928,850,80794,False,Debit,1997
1329,0.0,0.0,0.0,Dormant,,False,True,1,0.0,Debit,0.0,0.0,0.0,0.0,0.0,0.0,0.0,False,24,28011,720,20196,False,Debit,2014
1535,0.0,362.7531849999999,362.7531849999999,Mixed,0.3475036095632255,True,True,2,9200.0,Core credit,362.75318500000003,354.213185,362.75318500000003,37553.020000000004,362.75318500000003,354.213185,362.75318500000003,True,59,33311,590,65822,False,Debit,2008
295,0.0,0.0,0.0,Dormant,,False,True,1,0.0,Debit,0.0,0.0,0.0,0.0,0.0,0.0,0.0,False,53,30054,681,60128,False,Debit,2008
1434,95.0,216.169035,311.169035,Credit-primary,0.5121084027112827,True,True,4,11300.0,Premium credit,216.16903499999998,215.13903499999998,216.16903499999998,23048.87,311.169035,310.139035,311.169035,True,62,40891,717,61245,False,Premium credit,2000
208,95.0,1429.6563099999998,1524.6563099999998,Credit-primary,0.5581339797920553,True,True,2,13900.0,Premium credit,1429.65631,1368.04631,1429.65631,168586.17,1524.65631,1463.04631,1524.65631,True,37,67747,804,76650,True,Debit,2001
1909,95.0,433.665,528.665,Debit/prepaid only,0.0,True,True,4,6100.0,Core credit,433.66499999999996,423.575,433.66499999999996,48151.0,528.665,518.575,528.665,True,56,26510,696,53023,False,Core credit,2008
1356,95.0,412.93693999999994,507.93693999999994,Mixed,0.4743429728873912,True,True,4,10400.0,Premium credit,412.93694,376.43694,412.93694,36222.63,507.93694,471.43694,507.93694,True,84,26676,733,1370,False,Core credit,2004
265,0.0,297.88262499999996,297.88262499999996,Mixed,0.3754438720441916,True,True,3,16600.0,Premium credit,297.882625,285.922625,297.882625,31825.05,297.882625,285.922625,297.882625,True,44,45497,713,101549,False,Premium credit,2007
1947,0.0,0.0,0.0,Dormant,,False,True,4,0.0,Debit,0.0,0.0,0.0,0.0,0.0,0.0,0.0,False,87,27971,765,1265,False,Debit,2006
1089,0.0,203.56079,203.56079,Debit/prepaid only,0.0,False,True,3,0.0,Debit,203.56079,195.95078999999998,203.56079,50801.58,203.56079,195.95078999999998,203.56079,True,31,51501,729,140481,False,Prepaid,2010
614,0.0,371.16973499999995,371.16973499999995,Mixed,0.4938292459403444,True,True,5,12700.0,Premium credit,371.169735,370.589735,371.169735,36052.32,371.169735,370.589735,371.169735,True,84,16430,779,2873,False,Debit,2005
814,95.0,576.216585,671.216585,Credit-primary,0.5437799705847395,True,True,4,14300.0,Premium credit,576.216585,555.976585,576.216585,46526.87,671.216585,650.976585,671.216585,True,72,16302,748,14408,False,Debit,2003
305,0.0,0.0,0.0,Debit/prepaid only,0.0,False,True,3,0.0,Debit,0.0,0.0,291.1669,32228.8,0.0,0.0,291.1669,True,51,29388,755,21221,False,Debit,2003
1225,0.0,793.5435799999999,793.5435799999999,Credit-primary,0.5047967760378108,True,True,3,18600.0,Premium credit,793.54358,780.65358,793.54358,68092.61,793.54358,780.65358,793.54358,True,54,62837,850,86171,False,Debit,1999
1405,95.0,703.7596249999999,798.7596249999999,Credit-primary,0.5016401294849314,True,True,8,12400.0,Premium credit,703.759625,697.369625,721.900985,66766.07,798.759625,792.369625,816.900985,True,45,48755,777,37315,False,Premium credit,2004
1478,0.0,457.0595649999999,457.0595649999999,Credit-primary,0.5258039798598403,True,True,3,14800.0,Premium credit,457.059565,432.969565,457.059565,41683.88,457.059565,432.969565,457.059565,True,39,44506,849,57994,False,Debit,2010
1920,95.0,889.7138699999998,984.7138699999998,Mixed,0.4676385991418847,True,True,4,8200.0,Core credit,889.71387,876.05387,925.622435,87379.87,984.71387,971.05387,1020.622435,True,64,31244,713,51924,True,Debit,1996
241,0.0,484.891435,484.891435,Mixed,0.439470078857157,True,True,5,6900.0,Core credit,484.891435,447.17143500000003,484.891435,45830.97,484.891435,447.17143500000003,484.891435,True,58,30605,737,16549,False,Debit,2000
331,0.0,108.71815,108.71815,Debit/prepaid only,0.0,False,True,1,0.0,Debit,108.71815,102.70815,108.71815,27670.3,108.71815,102.70815,108.71815,True,34,29907,732,16764,False,Debit,2007
1354,0.0,0.0,0.0,Dormant,,False,True,1,0.0,Debit,0.0,0.0,0.0,0.0,0.0,0.0,0.0,False,34,33336,692,48213,False,Debit,2005
1258,0.0,515.1748249999999,515.1748249999999,Credit-primary,0.5476600298333225,True,True,7,9600.0,Core credit,515.174825,454.834825,545.098925,46257.0,515.174825,454.834825,545.098925,True,79,15470,789,15349,False,Core credit,2007
919,0.0,0.0,0.0,Dormant,,True,True,2,17100.0,Premium credit,0.0,0.0,0.0,0.0,0.0,0.0,0.0,False,54,67890,698,112564,False,Debit,2010
1447,0.0,0.0,0.0,Dormant,,True,False,1,3600.0,Core credit,0.0,0.0,0.0,0.0,0.0,0.0,0.0,False,33,68741,610,203172,False,Core credit,2009
1315,0.0,436.25794,436.25794,Credit-primary,0.5019683740914264,True,True,4,10600.0,Premium credit,436.25794,430.24794,436.25794,31988.33,436.25794,430.24794,436.25794,True,57,32576,753,0,False,Premium credit,2005
323,0.0,302.14815999999996,302.14815999999996,Debit/prepaid only,0.0,True,True,5,5900.0,Core credit,302.14815999999996,289.81816,302.14815999999996,57599.32,302.14815999999996,289.81816,302.14815999999996,True,54,26696,683,0,False,Debit,2004
979,0.0,426.9233249999999,426.9233249999999,Credit-primary,0.5582603179341742,True,True,3,8600.0,Core credit,426.923325,379.023325,426.923325,40197.0,426.923325,379.023325,426.923325,True,59,32678,693,44434,False,Core credit,2004
1096,0.0,1001.161255,1001.161255,Credit-primary,0.5322248984269342,True,True,2,5500.0,Core credit,1001.161255,899.931255,1001.161255,85157.91,1001.161255,899.931255,1001.161255,True,59,41379,681,95988,True,Core credit,2009
1347,95.0,503.0128399999999,598.0128399999999,Credit-primary,0.5852156514831491,True,True,3,13100.0,Premium credit,503.01284,462.65284,503.01284,43102.88,598.01284,557.65284,598.01284,True,64,55418,590,20950,False,Premium credit,2011
1395,0.0,0.0,0.0,Dormant,,True,True,2,31500.0,Premium credit,0.0,0.0,0.0,0.0,0.0,0.0,0.0,False,58,153691,604,197377,False,Debit,1997
1614,0.0,0.0,0.0,Dormant,,True,False,1,0.0,Core credit,0.0,0.0,0.0,0.0,0.0,0.0,0.0,False,40,36152,716,81345,False,Core credit,2009
1212,0.0,0.0,0.0,Dormant,,False,True,1,0.0,Debit,0.0,0.0,0.0,0.0,0.0,0.0,0.0,False,33,39975,810,52575,False,Debit,2005
1588,0.0,0.0,0.0,Dormant,,True,True,2,14300.0,Premium credit,0.0,0.0,0.0,0.0,0.0,0.0,0.0,False,42,58223,689,128784,False,Premium credit,2000
121,0.0,554.09962,554.09962,Mixed,0.4480602532555867,True,True,2,10000.0,Premium credit,554.09962,551.39962,554.09962,55566.79,554.09962,551.39962,554.09962,True,34,45419,721,124370,False,Debit,2008
1859,0.0,448.12542,448.12542,Credit-primary,0.5484980329833521,True,True,5,18600.0,Premium credit,448.12542,448.12542,471.24607000000003,39534.49,448.12542,448.12542,471.24607000000003,True,68,38689,836,8942,False,Prepaid,2001
77,0.0,316.532095,316.532095,Debit/prepaid only,0.0,True,True,7,13700.0,Premium credit,316.532095,235.052095,316.532095,99502.19,316.532095,235.052095,316.532095,True,99,51110,709,3781,False,Premium credit,2002
1222,0.0,270.95803,270.95803,Debit/prepaid only,0.0,False,True,1,0.0,Debit,270.95803,267.20803,270.95803,45028.06,270.95803,267.20803,270.95803,True,42,28738,600,48786,False,Debit,2005
363,0.0,0.0,0.0,Debit/prepaid only,0.0,True,True,3,18700.0,Premium credit,0.0,0.0,121.756845,7893.69,0.0,0.0,121.756845,True,52,48686,701,113137,False,Premium credit,2000
634,95.0,624.9746749999999,719.9746749999999,Credit-primary,0.5975314315659013,True,True,4,11100.0,Premium credit,624.9746749999999,605.884675,624.9746749999999,48088.6,719.9746749999999,700.884675,719.9746749999999,True,49,49079,683,6494,False,Premium credit,2008
628,0.0,182.49950499999997,182.49950499999997,Debit/prepaid only,0.0,False,True,2,0.0,Debit,182.499505,167.10950499999998,182.499505,67695.01,182.499505,167.10950499999998,182.499505,True,57,107075,815,75999,False,Prepaid,2008
756,0.0,135.05823999999998,135.05823999999998,Debit/prepaid only,0.0,False,True,1,0.0,Debit,135.05823999999998,128.61824,135.05823999999998,54561.479999999996,135.05823999999998,128.61824,135.05823999999998,True,66,59251,679,29300,False,Debit,2010
111,0.0,0.0,0.0,Dormant,,False,True,1,0.0,Debit,0.0,0.0,0.0,0.0,0.0,0.0,0.0,False,25,30004,738,67526,False,Debit,2013
1359,95.0,0.0,95.0,Dormant,,True,True,2,15200.0,Premium credit,0.0,0.0,0.0,0.0,95.0,95.0,95.0,False,35,45025,691,49878,False,Debit,2003
488,0.0,578.771435,578.771435,Debit/prepaid only,0.0,False,True,2,0.0,Debit,578.771435,567.291435,578.771435,162134.87,578.771435,567.291435,578.771435,True,34,32126,745,54351,False,Debit,2004
7,0.0,0.0,0.0,Dormant,,False,True,3,0.0,Debit,0.0,0.0,0.0,0.0,0.0,0.0,0.0,False,74,32682,650,21379,False,Debit,2005
863,0.0,124.43629,124.43629,Debit/prepaid only,0.0,False,True,3,0.0,Debit,124.43629,114.92629,177.315765,31345.53,124.43629,114.92629,177.315765,True,60,34406,774,1636,False,Debit,2013
1854,0.0,852.3911999999999,852.3911999999999,Credit-primary,0.5734690164154046,True,True,2,7200.0,Core credit,852.3911999999999,824.0312,852.3911999999999,75017.95,852.3911999999999,824.0312,852.3911999999999,True,48,48337,625,70603,False,Core credit,2013
1041,0.0,180.070965,180.070965,Debit/prepaid only,0.0,False,True,1,0.0,Debit,180.070965,175.47096499999998,180.070965,38813.93,180.070965,175.47096499999998,180.070965,True,48,32522,639,50155,False,Debit,2005
1616,0.0,815.67266,815.67266,Credit-primary,0.5608642332787236,True,True,4,22900.0,Premium credit,815.67266,786.7026599999999,852.93341,73698.62,815.67266,786.7026599999999,852.93341,True,48,94260,815,39326,False,Premium credit,2009
1805,0.0,341.10594000000003,341.10594000000003,Credit-primary,1.0,True,False,1,3800.0,Core credit,341.10594,341.10594,341.10594,21156.33,341.10594,341.10594,341.10594,True,38,26613,718,17008,False,Core credit,2007
1284,95.0,164.296445,259.296445,Debit/prepaid only,0.0,True,True,2,10800.0,Premium credit,164.296445,160.986445,164.296445,44913.89,259.296445,255.986445,259.296445,True,50,39947,765,57346,False,Debit,2008
1735,95.0,328.90581,423.90581,Mixed,0.4592767391702976,True,True,5,15700.0,Premium credit,328.90581,297.33581,328.90581,27485.52,423.90581,392.33581,423.90581,True,56,36583,614,56310,False,Debit,2003
1528,0.0,1346.81182,1346.81182,Credit-primary,0.5538963568827209,True,True,6,16400.0,Premium credit,1346.81182,366.90182,1480.212975,123973.5,1346.81182,366.90182,1480.212975,True,78,27992,695,1058,True,Debit,2005
591,0.0,0.0,0.0,Dormant,,False,True,2,0.0,Debit,0.0,0.0,0.0,0.0,0.0,0.0,0.0,False,50,38458,696,65836,False,Debit,2004
97,0.0,0.0,0.0,Dormant,,False,True,1,0.0,Debit,0.0,0.0,0.0,0.0,0.0,0.0,0.0,False,69,32952,765,5077,False,Debit,2011
31,95.0,0.0,95.0,Dormant,,True,True,3,11500.0,Premium credit,0.0,0.0,0.0,0.0,95.0,95.0,95.0,False,51,45570,712,0,False,Premium credit,2010
1380,0.0,0.0,0.0,Dormant,,False,False,1,0.0,Prepaid,0.0,0.0,0.0,0.0,0.0,0.0,0.0,False,37,42444,736,77510,False,Prepaid,2009
1240,0.0,441.77486,441.77486,Mixed,0.4849526296465955,True,True,3,4000.0,Core credit,441.77486,441.77486,441.77486,38050.17,441.77486,441.77486,441.77486,True,56,31814,693,43140,False,Debit,2008
932,95.0,714.3123999999999,809.3123999999999,Mixed,0.4554047021815268,True,True,6,11400.0,Premium credit,714.3124,712.4424,714.3124,68410.8,809.3124,807.4424,809.3124,True,67,34172,811,71366,False,Debit,2007
647,0.0,258.36937,258.36937,Debit/prepaid only,0.0,False,True,2,0.0,Debit,258.36937,258.36937,258.36937,49772.74,258.36937,258.36937,258.36937,True,31,26900,758,74083,False,Debit,2014
391,15.833333333333334,258.02180999999996,273.8551433333333,Mixed,0.4512484403421963,True,True,5,9100.0,Core credit,258.02181,241.16181,275.60442,30808.04,273.85514333333333,256.9951433333333,291.4377533333333,True,85,35270,731,1769,False,Prepaid,1998
986,0.0,489.870945,489.870945,Credit-primary,0.6379156399757219,True,True,3,18300.0,Premium credit,489.870945,436.990945,489.870945,35323.840000000004,489.870945,436.990945,489.870945,True,32,48010,703,87837,False,Premium credit,2007
1944,0.0,554.2872399999999,554.2872399999999,Credit-primary,0.5732298872483804,True,True,4,11100.0,Premium credit,554.28724,517.70724,554.28724,46535.03,554.28724,517.70724,554.28724,True,62,49378,740,104480,False,Premium credit,2002
185,95.0,552.1003599999999,647.1003599999999,Credit-primary,0.5626112635565053,True,True,3,6900.0,Core credit,552.10036,543.42036,552.10036,38742.47,647.10036,638.42036,647.10036,True,47,30942,779,71066,False,Core credit,2000
1007,0.0,0.0,0.0,Dormant,,True,False,1,9200.0,Core credit,0.0,0.0,0.0,0.0,0.0,0.0,0.0,False,66,54654,618,27241,False,Core credit,2012
1110,0.0,0.0,0.0,Dormant,,True,False,1,14400.0,Premium credit,0.0,0.0,0.0,0.0,0.0,0.0,0.0,False,21,65909,673,181261,False,Premium credit,2017
